BJD RV eRV Sindex Halpha PhotonCount ObsTime
2458675.59997 21.26 0.68 0.1881 0.04391 19928 3
2458675.60074 20.78 0.7 0.1878 0.04396 21587 3
2458675.60149 20.45 0.68 0.1861 0.0439 21351 3
2458675.60226 22.39 0.67 0.1883 0.04395 18693 3
2458675.60302 21.92 0.72 0.189 0.04399 17585 3
2458675.60378 21.78 0.69 0.1859 0.04397 18290 3
2458675.60457 21.13 0.67 0.1854 0.04405 20603 3
2458675.60534 21.54 0.71 0.1864 0.04386 20874 3
2458675.6061 21.05 0.66 0.1871 0.04404 28907 3
2458675.60688 20.67 0.69 0.1864 0.04411 23746 3
2458676.45812 23.71 0.7 0.185 0.04388 20013 4
2458676.45889 22.03 0.67 0.1842 0.04379 24142 4
2458676.45965 22.36 0.71 0.188 0.04388 14921 2
2458676.46041 25.19 0.77 0.1944 0.04374 8800 2
2458676.46116 34.62 0.92 0.2182 0.04368 2647 2
2458676.46191 27.07 0.84 0.2042 0.04378 4526 2
2458676.46265 29.96 0.86 0.2129 0.04376 3439 2
2458676.46341 32 0.88 0.2143 0.04379 3200 2
2458676.46417 24.98 0.83 0.2038 0.04376 5000 2
2458676.46493 28.61 0.78 0.1972 0.04392 6022 3
2458677.46198 22.71 0.66 0.1849 0.04384 20307 5
2458677.46276 22.94 0.69 0.1827 0.04397 30475 5
2458677.46354 18.62 0.65 0.1819 0.04389 37286 5
2458677.46432 20 0.68 0.182 0.04393 35577 5
2458677.4651 20.41 0.65 0.1814 0.04388 36799 5
2458677.46589 19.5 0.65 0.1815 0.04397 38436 5
2458677.46669 19.32 0.66 0.1808 0.04397 41785 5
2458677.46747 19.98 0.67 0.1819 0.04398 39989 5
2458677.46827 20.51 0.66 0.1816 0.04393 41807 5
2458677.46905 19.76 0.66 0.1822 0.04398 42525 5
2458678.52358 17.42 0.64 0.1842 0.04418 38451 5
2458678.5245 18.13 0.62 0.1854 0.04435 26768 4
2458678.52528 17.47 0.66 0.1858 0.04423 25915 4
2458678.52604 18.09 0.68 0.1894 0.04422 17759 4
2458678.52682 18.73 0.71 0.1929 0.04439 9754 4
2458678.52759 16.21 0.74 0.1981 0.04442 6477 4
2458678.52837 16.5 0.68 0.186 0.04437 19951 4
2458678.52914 17.83 0.69 0.1953 0.04436 8644 4
2458678.52992 18.97 0.65 0.1849 0.04446 22754 4
2458678.53068 18.25 0.68 0.1854 0.04445 29594 4
2458679.46039 15.72 0.66 0.1816 0.04378 61115 6
2458679.46119 16.54 0.64 0.1823 0.04383 57572 6
2458679.46197 15.67 0.63 0.1858 0.04379 20499 2
2458679.46272 16.97 0.62 0.1868 0.04379 20574 2
2458679.46347 17.49 0.63 0.1899 0.04366 17617 2
2458679.46421 14.75 0.64 0.1859 0.04393 18601 2
2458679.46498 16.47 0.67 0.1899 0.04405 16974 2
2458679.46573 16.33 0.63 0.1877 0.04387 19383 2
2458679.46649 15.76 0.66 0.1857 0.04408 22343 2
2458679.46723 15.03 0.68 0.1848 0.044 19646 2
2458680.46147 12.3 0.62 0.1858 0.04398 30498 3
2458680.46229 19.29 0.7 0.1956 0.04447 7983 2
2458680.46304 19.48 0.67 0.2018 0.04434 8680 2
2458680.4638 18.4 0.62 0.1911 0.04448 9881 2
2458680.46455 18.91 0.67 0.1978 0.04433 9145 2
2458680.4653 18.35 0.65 0.1924 0.04468 11651 2
2458680.46605 16.97 0.63 0.1914 0.04464 16997 2
2458680.46681 16.32 0.65 0.1898 0.04464 18120 2
2458680.46757 17.54 0.64 0.1949 0.04447 12311 2
2458680.46832 14.11 0.62 0.1897 0.0445 21581 2
2458681.4578 13.77 0.58 0.1863 0.04401 36508 6
2458681.45877 13.46 0.58 0.1873 0.04392 19523 3
2458681.45955 13.75 0.6 0.1861 0.04389 25935 3
2458681.46031 12.37 0.58 0.1853 0.04411 23164 3
2458681.46108 14.2 0.61 0.1862 0.04412 23989 3
2458681.46183 14.82 0.62 0.1876 0.04412 21813 3
2458681.46259 12.53 0.58 0.1874 0.04402 21813 3
2458681.46336 13.9 0.57 0.1879 0.04407 19678 3
2458681.46412 13.09 0.6 0.1855 0.04389 24892 3
2458681.46487 12.94 0.59 0.1863 0.04428 25266 3
2458682.47063 12.71 0.57 0.1867 0.04348 40554 5
2458682.47148 12.22 0.54 0.1902 0.04339 17505 2
2458682.47224 12.09 0.61 0.1931 0.04346 14343 2
2458682.473 13.71 0.58 0.1937 0.0435 12102 2
2458682.47375 11.8 0.62 0.1939 0.04368 13232 2
2458682.4745 13.57 0.62 0.1963 0.04348 11605 2
2458682.47527 13.07 0.57 0.196 0.04361 13801 2
2458682.47602 11.47 0.61 0.1924 0.04349 16920 2
2458682.47677 11.24 0.57 0.1922 0.04363 16253 2
2458682.47752 13.25 0.56 0.1912 0.04374 19936 2
2458683.48679 13.43 0.56 0.193 0.04384 15322 3
2458683.48764 13.28 0.56 0.1911 0.0438 16502 3
2458683.49108 11.88 0.57 0.1932 0.0438 15229 3
2458683.49185 13.9 0.56 0.1901 0.0437 18944 3
2458683.49262 12.82 0.54 0.1913 0.04365 18123 3
2458683.49338 12.31 0.58 0.1936 0.04383 13484 3
2458683.49412 13.11 0.61 0.193 0.04367 12586 3
2458683.4949 13.4 0.58 0.1928 0.04369 14883 3
2458683.49567 12.76 0.54 0.1903 0.04379 16232 3
2458683.49644 13.1 0.57 0.1933 0.04365 13547 3
2458684.46088 13.18 0.51 0.1923 0.04439 17908 3
2458684.46178 13.19 0.54 0.1932 0.04405 20006 3
2458684.46255 13.2 0.54 0.1962 0.04417 17240 3
2458684.46331 14.22 0.55 0.1952 0.04416 15463 3
2458684.46409 14.72 0.56 0.1962 0.04428 14454 3
2458684.46485 13.66 0.53 0.1954 0.04442 19074 3
2458684.46561 13.56 0.54 0.1955 0.04433 17932 3
2458684.4664 12.7 0.51 0.1945 0.04439 21795 3
2458684.46716 15.69 0.53 0.1935 0.0446 14373 3
2458684.46792 13.57 0.54 0.1923 0.04436 20054 3
2458685.46191 13.92 0.69 0.2124 0.04327 6206 4
2458685.46376 13.33 0.56 0.1995 0.04334 10872 15
2458685.46465 12.37 0.53 0.1994 0.04339 11925 11
2458685.4655 12.61 0.54 0.1984 0.04348 12891 6
2458685.4663 12.4 0.5 0.1953 0.04351 18766 4
2458685.46708 12.9 0.54 0.1972 0.04351 15176 5
2458685.46787 12.71 0.49 0.1945 0.04364 21761 4
2458685.46865 12.6 0.51 0.1964 0.04375 18224 3
2458685.46941 12.11 0.49 0.1931 0.04349 31321 3
2458685.47017 12.4 0.51 0.195 0.04361 19495 2
2458703.46927 -1.94 0.43 0.1946 0.04352 20785 3
2458703.47023 -1.33 0.47 0.197 0.04364 16018 3
2458703.471 -1.08 0.47 0.1977 0.04353 12226 3
2458703.47176 -2.44 0.39 0.1934 0.04344 23282 3
2458703.47252 -1.71 0.4 0.1941 0.0436 20540 3
2458703.47329 -1.34 0.44 0.1937 0.04367 22886 3
2458703.47405 -1.93 0.44 0.1951 0.04385 24903 3
2458703.47483 -1.96 0.4 0.1919 0.0437 26471 3
2458703.47559 -1.33 0.41 0.1936 0.04373 22849 3
2458703.47635 0 0.43 0.1948 0.04376 20990 3
2458704.46016 2.43 0.47 0.2003 0.04401 11334 3
2458704.46101 0.58 0.42 0.1955 0.04408 17471 4
2458704.46179 0.68 0.45 0.1964 0.04406 16033 4
2458704.46256 0.16 0.44 0.1938 0.0439 17692 4
2458704.46332 0.96 0.45 0.1953 0.04402 17799 4
2458704.46411 2.45 0.42 0.1969 0.04396 15335 4
2458704.46488 7.76 0.46 0.1974 0.04394 13073 4
2458704.46566 -1.54 0.43 0.1954 0.04417 19580 4
2458704.46645 2.7 0.44 0.196 0.04402 15354 4
2458704.46721 0.73 0.45 0.1955 0.04411 16531 4
2458705.46487 -4.61 0.42 0.1916 0.04452 30287 4
2458705.46608 -4.31 0.43 0.1923 0.04446 25154 4
2458705.46686 -4.41 0.43 0.1924 0.04436 26721 4
2458705.46764 -3.43 0.41 0.1922 0.0443 24500 4
2458705.46841 -2.87 0.44 0.1938 0.04445 23013 4
2458705.46919 -5.09 0.43 0.192 0.04424 26919 4
2458705.46997 -3.26 0.43 0.1909 0.04437 28086 4
2458705.47074 -3.56 0.4 0.194 0.04425 24204 4
2458705.47152 -3.22 0.42 0.1914 0.04438 26770 4
2458705.47231 -3.53 0.4 0.193 0.04445 24561 4
2458706.46069 -4.69 0.4 0.1925 0.04417 31956 4
2458706.46154 -4.3 0.44 0.1936 0.04418 24178 3
2458706.46232 -4.76 0.44 0.1926 0.04406 24903 3
2458706.46309 -5.34 0.42 0.1953 0.04425 22274 3
2458706.46387 -5.48 0.43 0.1943 0.04412 24318 3
2458706.46464 -4.75 0.44 0.1935 0.04414 23580 3
2458706.46542 -4.61 0.44 0.1949 0.04422 25811 3
2458706.46618 -4.9 0.43 0.1917 0.04422 25176 3
2458706.46694 -4.24 0.43 0.1926 0.04413 25277 3
2458706.46772 -4.35 0.41 0.1933 0.04424 22650 3
2458707.47197 -1.8 0.47 0.1921 0.04403 15155 4
2458707.4728 0.05 0.46 0.1955 0.04408 12819 4
2458707.47359 -4.59 0.45 0.1908 0.04418 18567 4
2458707.47438 16.92 0.61 0.1978 0.04407 8324 4
2458707.47516 0.67 0.5 0.1953 0.04405 12544 4
2458707.47594 -0.88 0.43 0.1946 0.04418 13777 4
2458707.47671 -1.69 0.48 0.1922 0.04429 15240 4
2458707.47749 2.14 0.5 0.1955 0.04424 11145 4
2458707.47826 -1.91 0.46 0.1943 0.04443 14821 4
2458707.47905 -1.4 0.47 0.1949 0.04411 14523 4
2458708.47401 -7.11 0.45 0.1879 0.04396 32293 3
2458708.47477 -5.13 0.45 0.1872 0.04391 29410 3
2458708.47552 -6.67 0.45 0.1908 0.04416 20363 2
2458708.47627 -6.66 0.42 0.1891 0.04408 22098 2
2458708.47704 -7.14 0.46 0.1899 0.04409 21154 2
2458708.4778 -6.28 0.43 0.1884 0.04416 21637 2
2458708.47855 -5.78 0.46 0.1886 0.04407 22220 2
2458708.47931 -7.66 0.43 0.1903 0.04389 16985 2
2458709.46667 -6.93 0.48 0.1914 0.04444 11781 2
2458709.46757 -9.45 0.45 0.1887 0.04423 17997 2
2458709.46833 -7.33 0.46 0.1885 0.04463 18857 2
2458709.4691 -7.95 0.46 0.1864 0.04442 19395 2
2458709.46987 -9.09 0.45 0.187 0.04446 23268 2
2458709.47063 -8.02 0.45 0.189 0.04454 22872 2
2458709.47138 -7.95 0.42 0.1876 0.04452 23678 2
2458709.47213 -8.7 0.44 0.1871 0.04447 23274 2
2458709.47289 -8.36 0.46 0.1863 0.04445 25063 2
2458709.47366 -8.4 0.41 0.1864 0.04443 23089 2
2458710.4662 -4.83 0.46 0.1923 0.04462 19435 3
2458710.46711 -6.78 0.45 0.191 0.04479 24550 3
2458710.46787 -6.34 0.43 0.1912 0.04451 19858 3
2458710.46866 -6.58 0.45 0.1909 0.04462 21590 3
2458710.46942 -5.81 0.47 0.1911 0.04462 22828 3
2458710.47018 -5.9 0.45 0.1924 0.04486 18054 3
2458710.47095 -6.25 0.45 0.1909 0.04477 20245 3
2458710.4717 -6.12 0.46 0.1922 0.04474 16947 3
2458710.47248 -6.33 0.51 0.193 0.04491 16432 3
2458710.47324 -6.1 0.47 0.1914 0.04483 17532 3
2458712.46604 2.26 0.51 0.1998 0.04417 9296 3
2458712.46771 -2.3 0.44 0.1961 0.04428 14618 4
2458712.46848 -3.56 0.45 0.1951 0.04435 17043 4
2458712.46927 -4.21 0.49 0.1949 0.04434 18260 4
2458712.47006 -5.03 0.45 0.1939 0.04439 19756 4
2458712.47083 -3.95 0.48 0.1955 0.04437 18248 4
2458712.47161 -3.64 0.48 0.1956 0.04435 15713 4
2458712.4724 -5.79 0.45 0.1929 0.04441 21666 4
2458712.47317 1.03 0.47 0.1964 0.0443 12725 4
2458712.47395 -4.36 0.48 0.1935 0.04408 16846 4
2458713.463 -6.98 0.45 0.1931 0.04471 20028 3
2458713.46389 -6.01 0.44 0.1926 0.04465 18225 3
2458713.46466 -5.86 0.5 0.1916 0.04462 16271 3
2458713.46542 -5.75 0.49 0.1928 0.04458 16728 3
2458713.4662 -4.76 0.47 0.1928 0.04459 17478 3
2458713.46698 -8.24 0.46 0.1921 0.04464 20614 3
2458713.46773 -7.5 0.45 0.1908 0.04452 23257 3
2458713.4685 -7.28 0.48 0.1907 0.04467 22716 3
2458713.46926 -6.57 0.47 0.1907 0.04457 24586 3
2458713.47002 -6.7 0.46 0.1913 0.0446 21953 3
2458714.46434 -6.64 0.47 0.1935 0.0445 18699 3
2458714.4652 -6.89 0.5 0.1955 0.04459 15913 3
2458714.46597 -6.23 0.47 0.192 0.04444 20514 3
2458714.46674 -6.87 0.48 0.1934 0.04428 16876 3
2458714.46751 -6.29 0.51 0.1929 0.04446 17488 3
2458714.46827 -5.79 0.5 0.1948 0.04434 14871 3
2458714.46905 -5.13 0.5 0.1952 0.04451 14219 3
2458714.46981 -6.55 0.47 0.1932 0.04455 17500 3
2458714.47058 -5.92 0.52 0.1958 0.04462 17294 3
2458714.47135 -5.16 0.53 0.1968 0.04453 12884 3
2458715.46426 -2.92 0.54 0.2013 0.04429 7966 3
2458715.46505 -5.93 0.48 0.1971 0.04399 10987 3
2458715.46582 -6.99 0.52 0.1976 0.04391 11454 3
2458715.46661 -6.27 0.52 0.1956 0.04412 13905 3
2458715.46737 -5.58 0.49 0.1959 0.04416 13954 3
2458715.46815 -7.82 0.53 0.2004 0.04409 9664 3
2458715.46891 -3.9 0.56 0.2046 0.04391 7193 3
2458715.46969 -5.77 0.59 0.2054 0.0441 6692 3
2458715.47045 -2.98 0.59 0.2019 0.044 6674 3
2458716.46409 -10.57 0.46 0.1884 0.0437 35255 3
2458716.465 -10.89 0.47 0.1904 0.04383 28529 2
2458716.46576 -11.98 0.47 0.191 0.04387 24835 2
2458716.46654 -12.09 0.48 0.1918 0.0438 25048 2
2458716.4673 -11.26 0.47 0.189 0.04392 27912 2
2458716.46804 -10.44 0.5 0.1918 0.04393 24237 2
2458716.46881 -11.7 0.47 0.1912 0.04396 24970 2
2458716.46958 -10.16 0.49 0.1916 0.04392 25069 2
2458716.47035 -10.21 0.48 0.1898 0.04402 24909 2
2458716.47111 -11.95 0.46 0.1909 0.04379 27148 2
2458717.46253 -9.09 0.49 0.1933 0.04391 23541 4
2458717.46332 -9.8 0.47 0.1946 0.04415 24429 4
2458717.4641 -8.93 0.46 0.1911 0.04424 28857 4
2458717.46488 -9.47 0.45 0.195 0.0442 23405 4
2458717.46568 -10.59 0.47 0.1926 0.0441 30854 4
2458717.46646 -7.01 0.47 0.1952 0.04386 16122 4
2458717.46724 -9.48 0.45 0.1936 0.04383 25310 4
2458717.46802 -9.83 0.45 0.1939 0.04397 24835 4
2458717.46882 -9.78 0.49 0.1963 0.0439 20193 4
2458717.46961 -9.39 0.48 0.193 0.04403 24949 4
2458738.47501 -29.32 0.4 0.1843 0.0438 28512 5
2458738.4758 -29.92 0.4 0.1862 0.04371 26231 5
2458738.4766 -28.77 0.36 0.187 0.04381 28242 6
2458738.47741 -29.44 0.39 0.1864 0.04385 28178 6
2458738.47819 -30.29 0.38 0.1851 0.04389 30964 5
2458738.47901 -28.14 0.4 0.1859 0.04386 28819 6
2458738.47979 -29.13 0.42 0.188 0.04397 26734 5
2458738.48058 -29.95 0.39 0.1861 0.04384 26710 5
2458738.48137 -29.16 0.4 0.186 0.04377 26154 5
2458738.48215 -28.72 0.42 0.186 0.04384 26991 4
2458739.48058 -28.95 0.38 0.1873 0.0443 25742 5
2458739.48139 -28.79 0.39 0.1881 0.04426 25077 6
2458739.48218 -31.48 0.38 0.1872 0.04437 26255 5
2458739.48296 -31.7 0.41 0.188 0.04421 29464 5
2458739.48376 -29.53 0.4 0.187 0.04439 32013 5
2458739.48455 -31.03 0.39 0.186 0.04439 28137 5
2458739.48535 -31.71 0.4 0.1886 0.04432 25423 5
2458739.48613 -31.38 0.36 0.1869 0.04439 26634 5
2458739.48693 -29.51 0.36 0.1869 0.04432 30666 6
2458739.48772 -31.42 0.37 0.1866 0.04426 31527 5
2458740.47279 -26.34 0.38 0.1869 0.0434 23786 8
2458740.47362 -24.85 0.42 0.1878 0.04336 24340 9
2458740.47447 -23.52 0.41 0.186 0.04333 24280 10
2458740.47531 -22.68 0.42 0.1875 0.04332 23856 9
2458740.47616 -23.92 0.4 0.1867 0.04335 23870 9
2458740.477 -22.61 0.41 0.1874 0.04337 26073 10
2458740.47784 -28.91 0.37 0.1868 0.0434 24292 7
2458740.47865 -28.14 0.38 0.1871 0.04335 23126 7
2458740.47948 -25.76 0.4 0.1856 0.04387 26138 9
2458740.48031 -28.81 0.36 0.1873 0.04399 24312 7
2458741.47576 -26.43 0.43 0.1871 0.04344 18012 6
2458741.47656 -30.67 0.41 0.1873 0.04346 23999 7
2458741.47737 -29.55 0.4 0.187 0.04355 25203 7
2458741.47819 -29.34 0.4 0.1862 0.04362 24542 7
2458741.47902 -29.25 0.39 0.1879 0.04357 24985 7
2458741.47984 -29.81 0.39 0.1868 0.04355 24584 7
2458741.48067 -25.58 0.4 0.1873 0.04346 25303 9
2458741.48154 -26.45 0.39 0.186 0.04343 26268 10
2458741.48236 -29.85 0.41 0.1868 0.04349 24144 7
2458741.48317 -30.98 0.4 0.1866 0.0434 25181 7
2458742.47572 -31.25 0.42 0.1853 0.04322 23483 4
2458742.47648 -34.02 0.41 0.1852 0.04355 21134 3
2458742.47727 -32.98 0.41 0.1861 0.04361 20389 3
2458742.47806 -31.87 0.38 0.1853 0.04339 20968 5
2458742.47885 -32.49 0.39 0.1858 0.0434 23319 4
2458742.47963 -32.44 0.4 0.1852 0.04334 20146 3
2458742.48039 -32.53 0.4 0.1857 0.0435 22090 3
2458742.48118 -32.39 0.41 0.1868 0.04352 17374 3
2458742.48196 -31.62 0.4 0.1867 0.04341 18560 3
2458742.48272 -32.49 0.38 0.1865 0.0434 19126 3
