tsim RVsim
0 1.66612167035576
3.42716976976977 -0.275745329896855
6.85433953953954 -0.321115190146986
10.2815093093093 -0.225922728907807
13.7086790790791 0.839663824750912
17.1358488488488 -0.248325424818386
20.5630186186186 -0.324287378459532
23.9901883883884 -0.251880661018703
27.4173581581581 0.335262288411102
30.8445279279279 -0.207436392190761
34.2716976976977 -0.325059840929004
37.6988674674674 -0.272502374618986
41.1260372372372 0.108976763341182
44.553207007007 -0.143730115582031
47.9803767767767 -0.323226332816143
51.4075465465465 -0.288974263982926
54.8347163163163 -0.0182026039828867
58.2618860860861 -0.0360833858482085
61.6890558558558 -0.31840541738317
65.1162256256256 -0.302072030835434
68.5433953953954 -0.10009861198927
71.9705651651651 0.174150868828387
75.3977349349349 -0.309968988241171
78.8249047047047 -0.312302733369995
82.2520744744744 -0.157419859298064
85.6792442442442 0.704074973493321
89.106414014014 -0.296909951950562
92.5335837837837 -0.319984016653728
95.9607535535535 -0.199770377973154
99.3879233233233 1.66392877227973
102.815093093093 -0.277591500957974
106.242262862863 -0.325287363432089
109.669432632633 -0.232208742864878
113.096602402402 0.771283545246437
116.523772172172 -0.249243510075127
119.950941941942 -0.328258067601099
123.378111711712 -0.257647797377745
126.805281481481 0.30531789922184
130.232451251251 -0.206859542906022
133.659621021021 -0.328817118729343
137.086790790791 -0.277873956754929
140.51396056056 0.0915337364161789
143.94113033033 -0.140475221024693
147.3683001001 -0.326745065687948
150.79546986987 -0.294030371465985
154.22263963964 -0.0303986216338496
157.649809409409 -0.0272465523803713
161.076979179179 -0.32164273422528
164.504148948949 -0.30686527406866
167.931318718719 -0.109607263127077
171.358488488488 0.19766554551622
174.785658258258 -0.312855843119093
178.212828028028 -0.316866996834522
181.639997797798 -0.165357458079369
185.067167567567 0.77933754075492
188.494337337337 -0.299335437592796
191.921507107107 -0.324339333243871
195.348676876877 -0.206699735955115
198.775846646647 1.62814095148855
202.203016416416 -0.279372411980738
205.630186186186 -0.329442428029472
209.057355955956 -0.238443845935629
212.484525725726 0.708214147400543
215.911695495495 -0.250060899635044
219.338865265265 -0.332211075484678
222.766035035035 -0.263376908638625
226.193204804805 0.277012934635958
229.620374574574 -0.206112569759907
233.047544344344 -0.332555121689101
236.474714114114 -0.283215791980854
239.901883883884 0.0747161159777363
243.329053653653 -0.136895262985397
246.756223423423 -0.330241627129152
250.183393193193 -0.299062165425962
253.610562962963 -0.0422947647107302
257.037732732733 -0.0176657370607426
260.464902502502 -0.324853140551691
263.892072272272 -0.311637756950532
267.319242042042 -0.118948532029729
270.746411811812 0.223426891944139
274.173581581581 -0.315708212039172
277.600751351351 -0.321412713770344
281.027921121121 -0.173191265907713
284.455090890891 0.86246789640958
287.882260660661 -0.301714148680425
291.30943043043 -0.328677272191455
294.7366002002 -0.213559536666259
298.16376996997 1.56464424484247
301.59093973974 -0.28108579266113
305.018109509509 -0.333580371020856
308.445279279279 -0.244629393348033
311.872449049049 0.650005569289613
315.299618818819 -0.250773367817638
318.726788588588 -0.336146308102491
322.153958358358 -0.269068853262096
325.581128128128 0.250200386409343
329.008297897898 -0.205186724859458
332.435467667667 -0.336273657861946
335.862637437437 -0.288528440575184
339.289807207207 0.0584811841846797
342.716976976977 -0.132969136080294
346.144146746747 -0.333715692920631
349.571316516516 -0.30407001470831
352.998486286286 -0.0539071274834185
356.425656056056 -0.00727710308587107
359.852825825826 -0.328036116371445
363.279995595595 -0.316389716505513
366.707165365365 -0.128129728323568
370.134335135135 0.251698715853858
373.561504904905 -0.318525261615481
376.988674674674 -0.325940022664453
380.415844444444 -0.180925063357849
383.843014214214 0.953627496678357
387.270183983984 -0.304044711004172
390.697353753754 -0.332997890401222
394.124523523523 -0.220351925128053
397.551693293293 1.48163802502756
400.978863063063 -0.282729256269558
404.406032832833 -0.337701172864013
407.833202602602 -0.250766686124549
411.260372372372 0.596206847975634
414.687542142142 -0.251376437754216
418.114711911912 -0.340063663901601
421.541881681681 -0.274724458088858
424.969051451451 0.224749478369332
428.396221221221 -0.204072637624166
431.823390990991 -0.339972525606047
435.25056076076 -0.293812443075792
438.67773053053 0.0427900164501246
442.1049003003 -0.128673866216229
445.53207007007 -0.337166925077338
448.95923983984 -0.30905427497948
452.386409609609 -0.0652506548022616
455.813579379379 0.0039905159834303
459.240749149149 -0.331191120462891
462.667918918919 -0.321121380274746
466.095088688688 -0.137157728745952
469.522258458458 0.28278267912122
472.949428228228 -0.321306123180914
476.376597997998 -0.330449054523886
479.803767767767 -0.18856243998798
483.230937537537 1.05238853044317
486.658107307307 -0.30632568708003
490.085277077077 -0.337301238166593
493.512446846847 -0.227078951523676
496.939616616616 1.38733828420691
500.366786386386 -0.284300292268805
503.793956156156 -0.341804807352819
507.221125925926 -0.256856973678793
510.648295695695 0.546388553031862
514.075465465465 -0.251865362667609
517.502635235235 -0.343963033653982
520.929805005005 -0.280344519671454
524.356974774774 0.200543661647441
527.784144544544 -0.202760258931212
531.211314314314 -0.34365151332408
534.638484084084 -0.299068321003868
538.065653853854 0.0276070771064417
541.492823623623 -0.123984402545779
544.919993393393 -0.340594971370487
548.347163163163 -0.314015289133889
551.774332932933 -0.0763392424765036
555.201502702702 0.0162166532578651
558.628672472472 -0.33431758949164
562.055842242242 -0.325832966543392
565.483012012012 -0.146039008720903
568.910181781781 0.317023655383549
572.337351551551 -0.324049891087437
575.764521321321 -0.334939932989887
579.191691091091 -0.196106806230045
582.618860860861 1.15733694695091
586.04603063063 -0.308555572640533
589.4732004004 -0.341587359200212
592.90037017017 -0.23374257632126
596.32753993994 1.28851744392614
599.754709709709 -0.285796258360133
603.181879479479 -0.345891241570407
606.609049249249 -0.262901456260649
610.036219019019 0.500153652868133
613.463388788788 -0.252235105455859
616.890558558558 -0.347844300317481
620.317728328328 -0.285929805535564
623.744898098098 0.177478860557667
627.172067867867 -0.201238799191085
630.599237637637 -0.34731039918891
634.026407407407 -0.30429657755229
637.453577177177 0.0128998643723876
640.880746946946 -0.11887338157965
644.307916716716 -0.343999464824372
647.735086486486 -0.318953387681426
651.162256256256 -0.0871858274006236
654.589426026026 0.029490415584093
658.016595795795 -0.337414937079404
661.443765565565 -0.330524684556344
664.870935335335 -0.154779671212474
668.298105105105 0.354815276802734
671.725274874874 -0.326755620902697
675.152444644644 -0.339412774444088
678.579614414414 -0.203561404398364
682.006784184184 1.26556669733591
685.433953953954 -0.310732792885953
688.861123723723 -0.345856290657879
692.288293493493 -0.240344675064227
695.715463263263 1.19002207999413
699.142633033033 -0.287214371905299
702.569802802802 -0.349960435835305
705.996972572572 -0.268901287260055
709.424142342342 0.457141595125344
712.851312112112 -0.252480316398175
716.278481881881 -0.351707338887366
719.705651651651 -0.29148105537529
723.132821421421 0.155461943771195
726.559991191191 -0.199496659578908
729.987160960961 -0.350948950854287
733.41433073073 -0.30949769824036
736.8415005005 -0.00136140200588346
740.26867027027 -0.11331085913108
743.69584004004 -0.347380023186434
747.123009809809 -0.323868889116445
750.550179579579 -0.097802468615344
753.977349349349 0.0439118907660709
757.404519119119 -0.340482552820675
760.831688888888 -0.335196734722706
764.258858658658 -0.163385473125326
767.686028428428 0.396605158286575
771.113198198198 -0.329422327495778
774.540367967967 -0.343867688106956
777.967537737737 -0.21092931889202
781.394707507507 1.37217729697288
784.821877277277 -0.312855698475955
788.249047047047 -0.350108063155919
791.676216816816 -0.246887042854336
795.103386586586 1.09492837405172
798.530556356356 -0.288551700667164
801.957726126126 -0.354012343640456
805.384895895895 -0.274857575378778
808.812065665665 0.417028555959573
812.239235435435 -0.252595308781503
815.666405205205 -0.355552016238132
819.093574974974 -0.296998982186059
822.520744744744 0.1344093948112
825.947914514514 -0.197521355534947
829.375084284284 -0.354566925149869
832.802254054053 -0.314672151536537
836.229423823823 -0.0152040561161705
839.656593593593 -0.10726400501282
843.083763363363 -0.350736248369078
846.510933133133 -0.32876210026918
849.938102902902 -0.108200420337445
853.365272672672 0.0595937901256525
856.792442442442 -0.343519801243745
860.219612212212 -0.339849308809488
863.646781981981 -0.171861849490867
867.073951751751 0.442898822967258
870.501121521521 -0.332048983004047
873.928291291291 -0.348304776128623
877.355461061061 -0.218213485659168
880.78263083083 1.47005518104328
884.2098006006 -0.314922561241258
887.63697037037 -0.354342700782015
891.06414014014 -0.253371398549355
894.491309909909 1.00495187847152
897.918479679679 -0.289805152804743
901.345649449449 -0.358046911584956
904.772819219219 -0.280771386679013
908.199988988988 0.379525647816776
911.627158758758 -0.252574032217685
915.054328528528 -0.359378190955223
918.481498298298 -0.302484273339234
921.908668068068 0.114246157059286
925.335837837837 -0.195299431514232
928.763007607607 -0.358164067759778
932.190177377377 -0.319820389451277
935.617347147147 -0.02865322911504
939.044516916916 -0.100696754503586
942.471686686686 -0.354067725861645
945.898856456456 -0.333633316640105
949.326026226226 -0.118390197860767
952.753195995995 0.0766633670416876
956.180365765765 -0.346526020712933
959.607535535535 -0.344482590124934
963.034705305305 -0.180213935651665
966.461875075074 0.494260562781906
969.889044844844 -0.334634514672636
973.316214614614 -0.352724133672336
976.743384384384 -0.225416700984356
980.170554154154 1.55038136359058
983.597723923923 -0.316931569591428
987.024893693693 -0.358560221099503
990.452063463463 -0.259799388697543
993.879233233233 0.920873063635372
997.306403003002 -0.290971466052795
1000.73357277277 -0.362064079298409
1004.16074254254 -0.2866437465166
1007.58791231231 0.344376148133169
1011.01508208208 -0.252410043395572
1014.44225185185 -0.363185713156286
1017.86942162162 -0.307937591601025
1021.29659139139 0.0949046305300196
1024.72376116116 -0.192816365813442
1028.15093093093 -0.361740112883977
1031.5781007007 -0.324942848100902
1035.00527047047 -0.041732064510847
1038.43244024024 -0.0935694095311096
1041.85961001001 -0.357374024110909
1045.28677977978 -0.338482822718342
1048.71394954955 -0.128381637120554
1052.14111931932 0.0952646576382041
1055.56828908909 -0.349500522267632
1058.99545885886 -0.349096753691759
1062.42262862863 -0.188446587634121
1065.8497983984 0.551308151782993
1069.27696816817 -0.33717780255722
1072.70413793794 -0.357125848990618
1076.13130770771 -0.232541629655021
1079.55847747748 1.60422537890392
1082.98564724725 -0.318880823594688
1086.41281701702 -0.362760635145129
1089.83998678679 -0.266172591225994
1093.26715655656 0.842880856224222
1096.69432632633 -0.292047196007015
1100.1214960961 -0.366063779357667
1103.54866586587 -0.292475641366255
1106.97583563563 0.311352364511162
1110.4030054054 -0.252096473976969
1113.83017517517 -0.366974424301557
1117.25734494494 -0.313359576100071
1120.68451471471 0.07632380006002
1124.11168448448 -0.190056464122148
1127.53885425425 -0.365294782881509
1130.96602402402 -0.330039948244523
1134.39319379379 -0.0544619090829535
1137.82036356356 -0.0858381812390883
1141.24753333333 -0.360654693868185
1144.6747031031 -0.343310892284588
1148.10187287287 -0.138183948613543
1151.52904264264 0.11556109470278
1154.95621241241 -0.352442588394716
1158.38338218218 -0.353691966410706
1161.81055195195 -0.196564400879069
1165.23772172172 0.614696190107302
1168.66489149149 -0.339677677080037
1172.09206126126 -0.361510003494303
1175.51923103103 -0.239590812556816
1178.9464008008 1.62499890310863
1182.37357057057 -0.320768329700971
1185.80074034034 -0.36694394742021
1189.22791011011 -0.272492518902905
1192.65507987988 0.770817235231502
1196.08224964965 -0.293028703428372
1199.50941941942 -0.370045937195867
1202.93658918919 -0.298268020546365
1206.36375895896 0.280252480834882
1209.79092872873 -0.251625995308656
1213.2180984985 -0.370744156992945
1216.64526826827 -0.318750843245436
1220.07243803804 0.058448476992656
1223.49960780781 -0.187002740233513
1226.92677757758 -0.368827787894776
1230.35394734735 -0.33511209579525
1233.78111711712 -0.0668624825299395
1237.20828688689 -0.0774546640754145
1240.63545665666 -0.363909267501138
1244.06262642643 -0.348117788699374
1247.4897961962 -0.147805766283002
1250.91696596597 0.137738548909299
1254.34413573573 -0.355351471729329
1257.7713055055 -0.358268387214757
1261.19847527527 -0.204571727481813
1264.62564504504 0.685079499907324
1268.05281481481 -0.342132916428246
1271.47998458458 -0.365876671814516
1274.90715435435 -0.246566673744973
1278.33432412412 1.61066859569332
1281.76149389389 -0.322591995079157
1285.18866366366 -0.371110155875243
1288.61583343343 -0.278760622587685
1292.0430032032 0.704338496782409
1295.47017297297 -0.293912140469728
1298.89734274274 -0.374010471003465
1302.32451251251 -0.304021797848502
1305.75168228228 0.250897566405533
1309.17885205205 -0.250990779580307
1312.60602182182 -0.374494734761378
1316.03319159159 -0.324111987598707
1319.46036136136 0.0412286387511429
1322.88753113113 -0.183636782108158
1326.3147009009 -0.372338825453855
1329.74187067067 -0.340159682306549
1333.16904044044 -0.0789520285001195
1336.59621021021 -0.0683652297268019
1340.02337997998 -0.367137258268332
1343.45054974975 -0.352903765177097
1346.87771951952 -0.157255191904912
1350.30488928929 0.162008850151149
1353.73205905906 -0.358226393679646
1357.15922882883 -0.362826167214182
1360.5863985986 -0.212472692078756
1364.01356836837 0.763043022962816
1367.44073813814 -0.344542243782638
1370.86790790791 -0.370225921857822
1374.29507767768 -0.253471527032561
1377.72224744745 1.56437902339268
1381.14941721722 -0.324349621534196
1384.57658698699 -0.375259251887853
1388.00375675676 -0.284978294284992
1391.43092652653 0.643015889245483
1394.8580962963 -0.294693435717385
1398.28526606607 -0.37795729162113
1401.71243583583 -0.309737853078883
1405.1396056056 0.223128834458005
1408.56677537537 -0.250182457005315
1411.99394514514 -0.378225971841888
1415.42111491491 -0.329443582702212
1418.84828468468 0.0246188527890276
1422.27545445445 -0.179938601184094
1425.70262422422 -0.375827580059841
1429.12979399399 -0.345183085435848
1432.55696376376 -0.090747449308824
1435.98413353353 -0.0585103270539507
1439.4113033033 -0.370338159554056
1442.83847307307 -0.35766906504667
1446.26564284284 -0.166539835446645
1449.69281261261 0.188613832121714
1453.11998238238 -0.361066542970522
1456.54715215215 -0.36736544983286
1459.97432192192 -0.220271206500979
1463.40149169169 0.84897804239967
1466.82866146146 -0.346904324364048
1470.25583123123 -0.374557814854482
1473.683001001 -0.260307582133076
1477.11017077077 1.49310479098272
1480.53734054054 -0.326038898968397
1483.96451031031 -0.37939122023408
1487.39168008008 -0.291146870016509
1490.81884984985 0.586395492008133
1494.24601961962 -0.295368277926751
1497.67318938939 -0.38188630242425
1501.10035915916 -0.315417033516461
1504.52752892893 0.196805181230383
1507.9546986987 -0.24919206854851
1511.38186846847 -0.381937672935925
1514.80903823824 -0.334746181866276
1518.23620800801 0.00857777329461416
1521.66337777778 -0.175886462492496
1525.09054754755 -0.379293722746101
1528.51771731732 -0.350182669385525
1531.94488708709 -0.10226442632435
1535.37205685686 -0.0478236716133913
1538.79922662663 -0.373511444061321
1542.2263963964 -0.36241392199909
1545.65356616617 -0.175666851816009
1549.08073593593 0.217829918094904
1552.5079057057 -0.363871074100075
1555.93507547547 -0.371886370936014
1559.36224524524 -0.227970983306039
1562.78941501501 0.942877587887623
1566.21658478478 -0.349217762283181
1569.64375455455 -0.378872405399931
1573.07092432432 -0.267076950393802
1576.49809409409 1.40528099993988
1579.92526386386 -0.32765739834635
1583.35243363363 -0.383506039052829
1586.7796034034 -0.297267632521315
1590.20677317317 0.534032020593344
1593.63394294294 -0.295932098319608
1597.06111271271 -0.385797399198757
1600.48828248248 -0.321060155292664
1603.91545225225 0.171801006028067
1607.34262202202 -0.24801001365587
1610.76979179179 -0.385629632960371
1614.19696156156 -0.340020318917262
1617.62413133133 -0.00693229933996466
1621.0513011011 -0.171456692728629
1624.47847087087 -0.382736910616248
1627.90564064064 -0.355158785323167
1631.33281041041 -0.113517527743203
1634.75998018018 -0.0362313053249939
1638.18714994995 -0.376656562960297
1641.61431971972 -0.367138560322693
1645.04148948949 -0.184642974370304
1648.46865925926 0.249973212912722
1651.89582902903 -0.36663910570401
1655.3229987988 -0.376389058949644
1658.75016856857 -0.235575548286609
1662.17733833834 1.04402152551944
1665.60450810811 -0.351481097178674
1669.03167787788 -0.383169741489722
1672.45884764765 -0.273781650149633
1675.88601741742 1.30873204953446
1679.31318718719 -0.329202564118799
1682.74035695696 -0.387603679803584
1686.16752672673 -0.303341813799184
1689.5946964965 0.485506533905197
1693.02186626627 -0.296380051291253
1696.44903603604 -0.389690470008067
1699.8762058058 -0.326668004698479
1703.30337557557 0.148004296581269
1706.73054534534 -0.246625992363908
1710.15771511511 -0.389301636782611
1713.58488488488 -0.345266508908697
1717.01205465465 -0.021945804843609
1720.43922442442 -0.166623462944872
1723.86639419419 -0.386156786357648
1727.29356396396 -0.360111771781532
1730.72073373373 -0.124520305247645
1734.1479035035 -0.0236505032716843
1737.57507327327 -0.379772944989319
1741.00224304304 -0.371843195126338
1744.42941281281 -0.193474545508447
1747.85658258258 0.285404964847207
1751.28375235235 -0.369369718820185
1754.71092212212 -0.380873634971875
1758.13809189189 -0.243088252043687
1761.56526166166 1.15053654937005
1764.99243143143 -0.353692800626526
1768.4196012012 -0.387449864547699
1771.84677097097 -0.280423611727235
1775.27394074074 1.2095719561603
1778.70111051051 -0.330671706057514
1782.12828028028 -0.391684107217117
1785.55545005005 -0.309370597505135
1788.98261981982 0.44043450145246
1792.40978958959 -0.296706993361209
1795.83695935936 -0.393565395050779
1799.26412912913 -0.332241339422115
1802.6912988989 0.125314956443033
1806.11846866867 -0.245028941082617
1809.54563843844 -0.392953458941101
1812.97280820821 -0.350485248797942
1816.39997797798 -0.0364942625173245
1819.82714774775 -0.161358541975982
1823.25431751752 -0.389552977729064
1826.68148728729 -0.365041955039764
1830.10865705706 -0.135285380845992
1833.53582682683 -0.00998850051068792
1836.9629965966 -0.382859995506184
1840.39016636637 -0.37652803255119
1843.81733613614 -0.20216754464226
1847.2445059059 0.324537076546924
1850.67167567567 -0.372061955047839
1854.09884544544 -0.385340212876416
1857.52601521521 -0.250512280706341
1860.95318498498 1.25887158146302
1864.38035475475 -0.35585127230336
1867.80752452452 -0.391712809447704
1871.23469429429 -0.287004682125575
1874.66186406406 1.11199240069031
1878.08903383383 -0.332061990446538
1881.5162036036 -0.395747279239133
1884.94337337337 -0.315355121205924
1888.37054314314 0.398468283192365
1891.79771291291 -0.296907460178401
1895.22488268268 -0.397422046508881
1898.65205245245 -0.337780889722132
1902.07922222222 0.103643348589913
1905.50639199199 -0.243206961237326
1908.93356176176 -0.396584863350599
1912.36073153153 -0.355677018089401
1915.7879013013 -0.0506065700912715
1919.21507107107 -0.155631016011421
1922.64224084084 -0.392925097021051
1926.06941061061 -0.369949649485739
1929.49658038038 -0.145824525021627
1932.92375015015 0.00485899294891581
1936.35091991992 -0.38591709548556
1939.77808968969 -0.381193269971297
1943.20525945946 -0.210727613797132
1946.63242922923 0.367837019084343
1950.059598999 -0.374714814592396
1953.48676876877 -0.389788899408323
1956.91393853854 -0.257850665868917
1960.34110830831 1.36335243809554
1963.76827807808 -0.357954835882743
1967.19544784785 -0.395958604528569
1970.62261761762 -0.293526629396962
1974.04978738739 1.01854437549421
1977.47695715716 -0.333370430570131
1980.90412692693 -0.399793146966769
1984.3312966967 -0.321296478508124
1987.75846646647 0.359296508239464
1991.18563623624 -0.296975641369585
1994.612806006 -0.401260288386068
1998.03997577577 -0.343287359539603
2001.46714554554 0.0829090294901
2004.89431531531 -0.241147239842083
2008.32148508508 -0.400195602991642
2011.74865485485 -0.360842279446853
2015.17582462462 -0.0643092673686714
2018.60299439439 -0.149406968950947
2022.03016416416 -0.396272740487554
2025.45733393393 -0.374835157961942
2028.8845037037 -0.156148727181367
2032.31167347347 0.021009526036985
2035.73884324324 -0.388943600460066
2039.16601301301 -0.385839096183826
2042.59318278278 -0.21916008107907
2046.02035255255 0.415830942866841
2049.44752232232 -0.37732725418919
2052.87469209209 -0.394219794272308
2056.30186186186 -0.265106293813501
2059.72903163163 1.4561620410536
2063.1562014014 -0.360001734643795
2066.58337117117 -0.400187271602763
2070.01054094094 -0.299991146750739
2073.43771071071 0.930572234813631
2076.86488048048 -0.334593876432256
2080.29205025025 -0.403821654577803
2083.71922002002 -0.327195721065513
2087.14638978979 0.322641848077381
2090.57355955956 -0.296905352993038
2094.00072932933 -0.405079976335866
2097.4278990991 -0.348761427552902
2100.85506886887 0.0630396494996795
2104.28223863864 -0.238835960929719
2107.70940840841 -0.403785419583128
2111.13657817818 -0.365981479275638
2114.56374794795 -0.0776267692705861
2117.99091771772 -0.142649117195272
2121.41808748749 -0.399595487747121
2124.84525725726 -0.379698772093667
2128.27242702703 -0.166268259260791
2131.6995967968 0.0385959319829581
2135.12676656657 -0.391938839400771
2138.55393633634 -0.39046569158862
2141.9811061061 -0.227469982204962
2145.40827587587 0.469102833003848
2148.83544564564 -0.379898184896377
2152.26261541541 -0.398632990213493
2155.68978518518 -0.272281914073347
2159.11695495495 1.52820407169577
2162.54412472472 -0.361990126767179
2165.97129449449 -0.40439882595835
2169.39846426426 -0.306399856399423
2172.82563403403 0.848616340260322
2176.2528038038 -0.335729003633209
2179.67997357357 -0.407832739252358
2183.10714334334 -0.333053860473903
2186.53431311311 0.28825806533365
2189.96148288288 -0.296690007329322
2193.38865265265 -0.408880957479138
2196.81582242242 -0.354203748178467
2200.24299219219 0.0439699976413223
2203.67016196196 -0.236258206610943
2207.09733173173 -0.407354043237491
2210.5245015015 -0.371095048277375
2213.95167127127 -0.0905815722441347
2217.37884104104 -0.135316391411744
2220.80601081081 -0.402892901151895
2224.23318058058 -0.384540772602421
2227.66035035035 -0.176192733248301
2231.08752012012 0.0577686931369592
2234.51468988989 -0.394902113533662
2237.94185965966 -0.395073228358157
2241.36902942943 -0.235662080286521
2244.7961991992 0.528285992469761
2248.22336896897 -0.382426469747484
2251.65053873874 -0.403028573091203
2255.07770850851 -0.279380147396347
2258.50487827828 1.57106772213984
2261.93204804805 -0.363918080294397
2265.35921781782 -0.408593276354488
2268.78638758759 -0.312754313167093
2272.21355735736 0.772721584123399
2275.64072712713 -0.336772301323649
2279.0678968969 -0.411826331086976
2282.49506666667 -0.338871870060536
2285.92223643644 0.255926843281149
2289.3494062062 -0.296322579706522
2292.77657597597 -0.412663070210581
2296.20374574574 -0.359614952520625
2299.63091551551 0.0256411712911237
2303.05808528528 -0.233397846337385
2306.48525505505 -0.410901192097415
2309.91242482482 -0.376183401977533
2313.33959459459 -0.10319443743552
2316.76676436436 -0.127363456424522
2320.19393413413 -0.406164525122728
2323.6211039039 -0.389361429603271
2327.04827367367 -0.185931153282611
2330.47544344344 0.0786986977009152
2333.90261321321 -0.397832695087448
2337.32978298298 -0.399661870597688
2340.75695275275 -0.243740884022516
2344.18412252252 0.59404062080667
2347.61129229229 -0.384910921253871
2351.03846206206 -0.407406621945469
2354.46563183183 -0.286403493151117
2357.8928016016 1.57955902314857
2361.31997137137 -0.36578356771909
2364.74714114114 -0.412770625010272
2368.17431091091 -0.319056007875267
2371.60148068068 0.702650451493195
2375.02865045045 -0.337720059143624
2378.45582022022 -0.415802353000867
2381.88298998999 -0.344650686575043
2385.31015975976 0.225454674095827
2388.73732952953 -0.295795572017017
2392.1644992993 -0.416426143993775
2395.59166906907 -0.364995649273349
2399.01883883884 0.00799985365213873
2402.44600860861 -0.230237412724694
2405.87317837838 -0.414426571953325
2409.30034814815 -0.381246941227847
2412.72751791792 -0.115484553565158
2416.15468768769 -0.118740158783816
2419.58185745746 -0.409409885448239
2423.00902722723 -0.394161002888304
2426.436196997 -0.195491962912454
2429.86336676677 0.10158044262623
2433.29053653654 -0.400729825968486
2436.7177063063 -0.404231774496401
2440.14487607607 -0.251710664453845
2443.57204584584 0.667007375057455
2446.99921561561 -0.387350298745518
2450.42638538538 -0.41176720905663
2453.85355515515 -0.29335433622623
2457.28072492492 1.55348699634019
2460.70789469469 -0.367584460182585
2464.13506446446 -0.416930867587052
2467.56223423423 -0.325306370523247
2470.989404004 0.638020603754796
2474.41657377377 -0.338568353050159
2477.84374354354 -0.419760720634182
2481.27091331331 -0.350391211787521
2484.69808308308 0.196669948627248
2488.12525285285 -0.295100972539601
2491.55242262262 -0.420169999144296
2494.97959239239 -0.370346425576882
2498.40676216216 -0.00900231581508656
2501.83393193193 -0.226757962027877
2505.2611017017 -0.417929875840443
2508.68827147147 -0.386286052684792
2512.11544124124 -0.127469682024483
2515.54261101101 -0.109390889616238
2518.96978078078 -0.412628488545683
2522.39695055055 -0.398939742195933
2525.82412032032 -0.204883088026946
2529.25129009009 0.126635733378051
2532.67845985986 -0.403592716357794
2536.10562962963 -0.408783088469219
2539.5327993994 -0.259575470405699
2542.95996916917 0.747721216439986
2546.38713893894 -0.389743305537375
2549.81430870871 -0.41611039999803
2553.24147847848 -0.300234953458857
2556.66864824825 1.4975665841756
2560.09581801802 -0.36931852123579
2563.52298778779 -0.421073993164043
2566.95015755756 -0.331506773276919
2570.37732732733 0.578389302327601
2573.8044970971 -0.339313029916378
2577.23166686687 -0.423701342237953
2580.65883663663 -0.356094314000119
2584.0860064064 0.169420311167529
2587.51317617617 -0.294230211624793
2590.94034594594 -0.423894446600432
2594.36751571571 -0.375667847831195
2597.79468548548 -0.0254092908403392
2601.22185525525 -0.222938917056692
2604.64902502502 -0.42141078361459
2608.07619479479 -0.391301109264894
2611.50336456456 -0.13916628638601
2614.93053433433 -0.0992538480664068
2618.3577041041 -0.415819820681571
2621.78487387387 -0.403697887466787
2625.21204364364 -0.214111975912029
2628.63921341341 0.154117917156998
2632.06638318318 -0.406420543225076
2635.49355295295 -0.413315953290255
2638.92072272272 -0.267339142739566
2642.34789249249 0.836462830964271
2645.77506226226 -0.392088585909166
2649.20223203203 -0.420436253681979
2652.6294018018 -0.307047519630702
2656.05657157157 1.41955970107304
2659.48374134134 -0.37098340013238
2662.91091111111 -0.425199984207279
2666.33808088088 -0.337658533279702
2669.76525065065 0.523302791143891
2673.19242042042 -0.339949690782806
2676.61959019019 -0.427624118555636
2680.04675995996 -0.361760829477782
2683.47392972973 0.14357029751822
2686.9010994995 -0.293174112745535
2690.32826926927 -0.427599287680912
2693.75543903904 -0.380960462469386
2697.18260880881 -0.0412610986947062
2700.60977857858 -0.218757889949492
2704.03694834835 -0.424868961505424
2707.46411811812 -0.396292470578611
2710.89128788789 -0.150589648207951
2714.31845765766 -0.0882601879151086
2717.74562742743 -0.418983347149272
2721.1727971972 -0.408435669087032
2724.59996696697 -0.223185630828655
2728.02713673673 0.184316653051585
2731.4543065065 -0.409212448753723
2734.88147627627 -0.417830502217427
2738.30864604604 -0.275005327515945
2741.73581581581 0.933018706705734
2745.16298558558 -0.394384721882788
2748.59015535535 -0.424744822398896
2752.01732512512 -0.313794113065674
2755.44449489489 1.32787933272685
2758.87166466466 -0.372576624609963
2762.29883443443 -0.429308816531664
2765.7260042042 -0.343762915296639
2769.15317397397 0.472323561128735
2772.58034374374 -0.340473672617042
2776.00751351351 -0.431528942695861
2779.43468328328 -0.367391563801529
2782.86185305305 0.118999249861378
2786.28902282282 -0.291922838340572
2789.71619259259 -0.431284313829103
2793.14336236236 -0.386224796692687
2796.57053213213 -0.0565942609198882
2799.9977019019 -0.214190481799947
2803.42487167167 -0.428304061646097
2806.85204144144 -0.401260483343201
2810.27921121121 -0.16175397077336
2813.70638098098 -0.0763330267544752
2817.13355075075 -0.422118511401567
2820.56072052052 -0.413153308119313
2823.98789029029 -0.232110646470934
2827.41506006006 0.217563155704517
2830.84222982983 -0.411967538671182
2834.2693995996 -0.422326861109294
2837.69656936937 -0.282577488168658
2841.12373913914 1.03632260652113
2844.55090890891 -0.396630229783027
2847.97807867868 -0.429036151849852
2851.40524844845 -0.320476720858431
2854.83241821822 1.22982597122476
2858.25958798799 -0.374095593115288
2861.68675775776 -0.433400459256314
2865.11392752753 -0.349821134204869
2868.5410972973 0.425044106335691
2871.96826706707 -0.340880028429126
2875.39543683683 -0.435415699996181
2878.8226066066 -0.372987293151427
2882.24977637637 0.0955994893796697
2885.67694614614 -0.29046582980458
2889.10411591591 -0.434949306343148
2892.53128568568 -0.391461359169361
2895.95845545545 -0.071442162523652
2899.38562522522 -0.209210055620336
2902.81279499499 -0.431715721577818
2906.23996476476 -0.406205481776298
2909.66713453453 -0.172672472188759
2913.0943043043 -0.0633862933307131
2916.52147407407 -0.425224734134164
2919.94864384384 -0.417851016521952
2923.37581361361 -0.240893235612192
2926.80298338338 0.254235723619341
2930.23015315315 -0.414684880477557
2933.65732292292 -0.426805148533393
2937.08449269269 -0.290058916769934
2940.51166246246 1.14397681220484
2943.93883223223 -0.398823556563181
2947.366002002 -0.433310281172527
2950.79317177177 -0.327097243763142
2954.22034154154 1.13083340011213
2957.64751131131 -0.375537566419911
2961.07468108108 -0.437474874752759
2964.50185085085 -0.355834357338443
2967.92902062062 0.381092677432777
2971.35619039039 -0.341163505565813
2974.78336016016 -0.439284267877494
2978.21052992993 -0.378548765520597
2981.6376996997 0.0732747220064304
2985.06486946947 -0.288791740878916
2988.49203923924 -0.438594036091229
2991.91920900901 -0.39667064069936
2995.34637877878 -0.0858353766195643
2998.77354854855 -0.203787478516921
3002.20071831832 -0.435103563728232
3005.62788808809 -0.411127787970192
3009.05505785786 -0.183357469068947
3012.48222762763 -0.0493233843602266
3015.9093973974 -0.428301412319105
3019.33656716717 -0.422528997356668
3022.76373693693 -0.249539257222286
3026.1909067067 0.294765137758411
3029.61807647647 -0.417363501565885
3033.04524624624 -0.43126547586714
3036.47241601601 -0.297452744471963
3039.89958578578 1.25172794071051
3043.32675555555 -0.400963075877302
3046.75392532532 -0.437567242960654
3050.18109509509 -0.333657500766867
3053.60826486486 1.03447577707912
3057.03543463463 -0.376899658574009
3060.4626044044 -0.441532018586166
3063.88977417417 -0.361803706699971
3067.31694394394 0.340134458256725
3070.74411371371 -0.341318521989592
3074.17128348348 -0.44313451568885
3077.59845325325 -0.384076701867314
3081.02562302302 0.0519386513044937
3084.45279279279 -0.286888363590779
3087.87996256256 -0.442218263211393
3091.30713233233 -0.401853114846734
3094.7343021021 -0.0998019504307859
3098.16147187187 -0.197890828245511
3101.58864164164 -0.43846719486192
3105.01581141141 -0.416027712248422
3108.44298118118 -0.193820451899224
3111.87015095095 -0.034035597214923
3115.29732072072 -0.431347918182466
3118.72449049049 -0.42718744498576
3122.15166026026 -0.258054241299899
3125.57883003003 0.339639122104819
3129.0059997998 -0.420002387225596
3132.43316956957 -0.435707947391013
3135.86033933934 -0.304761951185421
3139.28750910911 1.35312121677232
3142.71467887888 -0.403047083879255
3146.14184864865 -0.441807063276608
3149.56901841842 -0.340159233371334
3152.99618818819 0.942833255512299
3156.42335795796 -0.378178827134072
3159.85052772773 -0.445571839449269
3163.2776974975 -0.367730261044921
3166.70486726727 0.301870252536857
3170.13203703703 -0.341339140319753
3173.5592068068 -0.44696630454225
3176.98637657657 -0.389571797206516
3180.41354634634 0.0315137731786093
3183.84071611611 -0.284742545768823
3187.26788588588 -0.445821736795245
3190.69505565565 -0.407009238541221
3194.12222542542 -0.113367657777962
3197.54939519519 -0.191485058450235
3200.97656496496 -0.441806205501541
3204.40373473473 -0.420905553505472
3207.8309045045 -0.204072153002893
3211.25807427427 -0.0174002995098398
3214.68524404404 -0.434363598125007
3218.11241381381 -0.431826545258295
3221.53958358358 -0.266443411640865
3224.96675335335 0.389404383631142
3228.39392312312 -0.422600478521823
3231.82109289289 -0.440132660373956
3235.24826266266 -0.311989374566364
3238.67543243243 1.43973839984254
3242.1026022022 -0.405073794724587
3245.52977197197 -0.446029761657907
3248.95694174174 -0.34660410960486
3252.38411151151 0.856928434592459
3255.81128128128 -0.379371862596781
3259.23845105105 -0.449594279089018
3262.66562082082 -0.373615057848621
3266.09279059059 0.266033927607201
3269.51996036036 -0.341219039390702
3272.94713013013 -0.450779487137113
3276.3742998999 -0.395034721645264
3279.80146966967 0.011930328980736
3283.22863943944 -0.282340099005373
3286.65580920921 -0.449404194554523
3290.08297897898 -0.412139452650613
3293.51014874875 -0.126556222415405
3296.93731851852 -0.184531615877891
3300.36448828829 -0.44512016931813
3303.79165805806 -0.425761599529737
3307.21882782783 -0.214122607946684
3310.6459975976 0.000721208916768662
3314.07316736737 -0.437347771580863
3317.50033713713 -0.436446475686331
3320.9275069069 -0.27471170674184
3324.35467667667 0.444663618917769
3327.78184644644 -0.42515667004019
3331.20901621621 -0.444539705152111
3334.63618598598 -0.319137718365537
3338.06335575575 1.50244931958935
3341.49052552552 -0.407041335752487
3344.91769529529 -0.450235351116766
3348.34486506506 -0.352993727783196
3351.77203483483 0.777099048712776
3355.1992046046 -0.380475376964659
3358.62637437437 -0.453599272225587
3362.05354414414 -0.379459095164634
3365.48071391391 0.232389343398875
3368.90788368368 -0.340951483043689
3372.33505345345 -0.454573907573996
3375.76222322322 -0.400466121365906
3379.18939299299 -0.00687460406626286
3382.61656276276 -0.279665695774943
3386.04373253253 -0.452965362469953
3389.4709023023 -0.417244182525846
3392.89807207207 -0.139389515975081
3396.32524184184 -0.176988001648313
3399.75241161161 -0.448408642488446
3403.17958138138 -0.430596127311157
3406.60675115115 -0.223981211101384
3410.03392092092 0.0204861913576015
3413.46109069069 -0.440299729810239
3416.88826046046 -0.441047405611629
3420.31543023023 -0.282863799009402
3423.7426 0.506063021515358
