tsim RVsim
0 -0.075556816002207
3.42716976976977 -0.0858603910475606
6.85433953953954 -0.086794614197186
10.2815093093093 -0.0811776757143426
13.7086790790791 -0.0200071060662979
17.1358488488488 -0.0752478317424034
20.5630186186186 -0.085746257565025
23.9901883883884 -0.0867375473357532
27.4173581581581 -0.0812214741704439
30.8445279279279 -0.0232052822950896
34.2716976976977 -0.0749334494952959
37.6988674674674 -0.0856313626628234
41.1260372372372 -0.0866799081300044
44.553207007007 -0.0812632136208733
47.9803767767767 -0.0261111372013613
51.4075465465465 -0.0746134870601281
54.8347163163163 -0.085515698025551
58.2618860860861 -0.086621699439503
61.6890558558558 -0.0813029384119259
65.1162256256256 -0.0287639780629609
68.5433953953954 -0.0742877535387965
71.9705651651651 -0.0853992551244522
75.3977349349349 -0.0865629240179781
78.8249047047047 -0.0813406914914918
82.2520744744744 -0.0311962096238131
85.6792442442442 -0.0739560488029491
89.106414014014 -0.0852820252122691
92.5335837837837 -0.0865035845146181
95.9607535535535 -0.0813765144633353
99.3879233233233 -0.0334348038767438
102.815093093093 -0.0736181629209144
106.242262862863 -0.0851639993179114
109.669432632633 -0.0864436834753103
113.096602402402 -0.0814104476388208
116.523772172172 -0.0355024068240514
119.950941941942 -0.073273875540857
123.378111711712 -0.0850451682409403
126.805281481481 -0.0863832233438279
130.232451251251 -0.0814425300862234
133.659621021021 -0.0374181832062385
137.086790790791 -0.0729229552261679
140.51396056056 -0.0849255225458595
143.94113033033 -0.0863222064629649
147.3683001001 -0.0814727996777547
150.79546986987 -0.0391984691959653
154.22263963964 -0.0725651587386903
157.649809409409 -0.0848050525562053
161.076979179179 -0.0862606350756205
164.504148948949 -0.0815012931344293
167.931318718719 -0.0408572823939903
171.358488488488 -0.0722002302648946
174.785658258258 -0.0846837483484304
178.212828028028 -0.0861985113258337
181.639997797798 -0.0815280460688847
185.067167567567 -0.0424067244373572
188.494337337337 -0.0718279005795812
191.921507107107 -0.0845615997455704
195.348676876877 -0.0861358372597687
198.775846646647 -0.0815530930262665
202.203016416416 -0.0438573018481659
205.630186186186 -0.0714478861411208
209.057355955956 -0.0844385963106838
212.484525725726 -0.0860726148266532
215.911695495495 -0.0815764675232735
219.338865265265 -0.0452181839651367
222.766035035035 -0.0710598881115132
226.193204804805 -0.0843147273400657
229.620374574574 -0.0860088458796685
233.047544344344 -0.0815982020854695
236.474714114114 -0.0464974119762912
239.901883883884 -0.0706635912938214
243.329053653653 -0.0841899818562087
246.756223423423 -0.0859445321767943
250.183393193193 -0.0816183282829432
253.610562962963 -0.0477020695976834
257.037732732733 -0.0702586629787087
260.464902502502 -0.0840643486005229
263.892072272272 -0.0858796753816073
267.319242042042 -0.0816368767643998
270.746411811812 -0.0488384234115093
274.173581581581 -0.0698447516907142
277.600751351351 -0.0839378160257833
281.027921121121 -0.0858142770640352
284.455090890891 -0.0816538772897771
287.882260660661 -0.0499120390111955
291.30943043043 -0.0694214858239359
294.7366002002 -0.0838103722883125
298.16376996997 -0.0857483387010666
301.59093973974 -0.081669358761441
305.018109509509 -0.050927877711629
308.445279279279 -0.0689884721554385
311.872449049049 -0.0836820052398739
315.299618818819 -0.0856818616774166
318.726788588588 -0.0816833492540502
322.153958358358 -0.0518903775381573
325.581128128128 -0.0685452942233033
329.008297897898 -0.0835527024192728
332.435467667667 -0.0856148472861508
335.862637437437 -0.0816958760431428
339.289807207207 -0.0528035214148587
342.716976976977 -0.0680915105545833
346.144146746747 -0.083422451043648
349.571316516516 -0.0855472967292656
352.998486286286 -0.0817069656325193
356.425656056056 -0.0536708948663057
359.852825825826 -0.0676266527265627
363.279995595595 -0.0832912379994431
366.707165365365 -0.0854792111182268
370.134335135135 -0.0817166437804709
373.561504904905 -0.0544957350784187
376.988674674674 -0.0671502232426166
380.415844444444 -0.0831590498330419
383.843014214214 -0.0854105914744672
387.270183983984 -0.0817249355249116
390.697353753754 -0.0552809728007362
394.124523523523 -0.0666616932013963
397.551693293293 -0.0830258727410603
400.978863063063 -0.0853414387298434
404.406032832833 -0.0817318652074809
407.833202602602 -0.0560292682871463
411.260372372372 -0.0661604997353475
414.687542142142 -0.082891692560273
418.114711911912 -0.0852717537270501
421.541881681681 -0.0817374564966389
424.969051451451 -0.0567430422478903
428.396221221221 -0.0656460431912243
431.823390990991 -0.0827564947571541
435.25056076076 -0.0852015372199972
438.67773053053 -0.0817417324098327
442.1049003003 -0.0574245026073805
445.53207007007 -0.0651176840214806
448.95923983984 -0.0826202644170388
452.386409609609 -0.0851307898741434
455.813579379379 -0.0817447153347482
459.240749149149 -0.0580756677205671
462.667918918919 -0.0645747393510762
466.095088688688 -0.0824829862328587
469.522258458458 -0.0850595122667933
472.949428228228 -0.0817464270497201
476.376597997998 -0.0586983865861416
479.803767767767 -0.064016479179109
483.230937537537 -0.082344644493454
486.658107307307 -0.0849877048873533
490.085277077077 -0.0817468887433153
493.512446846847 -0.0592943565033646
496.939616616616 -0.0634421221686542
500.366786386386 -0.0822052230714329
503.793956156156 -0.0849153681375483
507.221125925926 -0.0817461210331398
510.648295695695 -0.0598651385440811
514.075465465465 -0.0628508309714049
517.502635235235 -0.0820647054105693
520.929805005005 -0.0848425023315999
524.356974774774 -0.081744143983897
527.784144544544 -0.0604121711511342
531.211314314314 -0.062241707025498
534.638484084084 -0.0819230745127011
538.065653853854 -0.0847691076963664
541.492823623623 -0.0817409771247466
544.919993393393 -0.0609367821243611
548.347163163163 -0.0616137847551525
551.774332932933 -0.0817803129241221
555.201502702702 -0.0846951843714418
558.628672472472 -0.0817366394659782
562.055842242242 -0.0614401992142301
565.483012012012 -0.0609660250898554
568.910181781781 -0.0816364027214383
572.337351551551 -0.084620732409219
575.764521321321 -0.0817311495150415
579.191691091091 -0.06192355950959
582.618860860861 -0.0602973082069775
586.04603063063 -0.0814913254968648
589.4732004004 -0.0845457517749123
592.90037017017 -0.0817245252919488
596.32753993994 -0.0623879177776453
599.754709709709 -0.0596064253863978
603.181879479479 -0.0813450623429381
606.609049249249 -0.0844702423465419
610.036219019019 -0.0817167843441071
613.463388788788 -0.0628342538911176
616.890558558558 -0.058892069846229
620.317728328328 -0.0811975938366088
623.744898098098 -0.0843942039148803
627.172067867867 -0.0817079437605654
630.599237637637 -0.063263479457723
634.026407407407 -0.0581528264067661
637.453577177177 -0.0810489000227065
640.880746946946 -0.0843176361833596
644.307916716716 -0.0816980201857331
647.735086486486 -0.0636764437508505
651.162256256256 -0.0573871598022088
654.589426026026 -0.0808989603967192
658.016595795795 -0.0842405387679395
661.443765565565 -0.0816870298325724
664.870935335335 -0.0640739390264875
668.298105105105 -0.056593401427624
671.725274874874 -0.0807477538868822
675.152444644644 -0.0841629111969381
678.579614414414 -0.0816749884953132
682.006784184184 -0.064456705299779
685.433953953954 -0.0557697342684748
688.861123723723 -0.0805952588355216
692.288293493493 -0.0840847529108219
695.715463263263 -0.0816619115616783
699.142633033033 -0.0648254346444998
702.569802802802 -0.0549141757129004
705.996972572572 -0.080441452979629
709.424142342342 -0.0840060632619578
712.851312112112 -0.0816478140246581
716.278481881881 -0.0651807750706414
719.705651651651 -0.0540245578882259
723.132821421421 -0.0802863134306306
726.559991191191 -0.0839268415143254
729.987160960961 -0.0816327104938658
733.41433073073 -0.0655233340279733
736.8415005005 -0.0530985050911192
740.26867027027 -0.0801298166532957
743.69584004004 -0.0838470868431893
747.123009809809 -0.081616615206456
750.550179579579 -0.0658536815771082
753.977349349349 -0.0521334077935833
757.404519119119 -0.0799719384437747
760.831688888888 -0.0837667983347322
764.258858658658 -0.0815995420376627
767.686028428428 -0.0661723532647877
771.113198198198 -0.0511263925970387
774.540367967967 -0.0798126539066727
777.967537737737 -0.0836859749856473
781.394707507507 -0.0815815045109465
784.821877277277 -0.0664798527351717
788.249047047047 -0.0500742873710216
791.676216816816 -0.0796519374311768
795.103386586586 -0.0836046157026903
798.530556356356 -0.0815625158077729
801.957726126126 -0.0667766541051009
805.384895895895 -0.0489735806435068
808.812065665665 -0.0794897626661319
812.239235435435 -0.0835227193021904
815.666405205205 -0.0815425887770557
819.093574974974 -0.0670632041283057
822.520744744744 -0.0478203740948151
825.947914514514 -0.0793261024940182
829.375084284284 -0.0834402845095195
832.802254054053 -0.0815217359442385
836.229423823823 -0.0673399241699434
839.656593593593 -0.0466103267368159
843.083763363363 -0.079160929003834
846.510933133133 -0.08335730995852
849.938102902902 -0.081499969520074
853.365272672672 -0.0676072120108904
856.792442442442 -0.0453385890119177
860.219612212212 -0.0789942134627375
863.646781981981 -0.0832737941908917
867.073951751751 -0.0814773014090875
870.501121521521 -0.0678654434988093
873.928291291291 -0.0439997246027961
877.355461061061 -0.0788259262864529
880.78263083083 -0.0831897356555318
884.2098006006 -0.0814537432177328
887.63697037037 -0.0681149740609167
891.06414014014 -0.0425876171676239
894.491309909909 -0.0786560370083536
897.918479679679 -0.0831051327078367
901.345649449449 -0.0814293062622768
904.772819219219 -0.0683561400920843
908.199988988988 -0.0410953584653742
911.627158758758 -0.078484514247121
915.054328528528 -0.0830199836089543
918.481498298298 -0.0814040015763982
921.908668068068 -0.0685892602299571
925.335837837837 -0.0395151133483712
928.763007607607 -0.0783113256729859
932.190177377377 -0.0829342865249969
935.617347147147 -0.0813778399185216
939.044516916916 -0.0688146365278851
942.471686686686 -0.037837955788298
945.898856456456 -0.0781364379723693
949.326026226226 -0.0828480395262043
952.753195995995 -0.0813508317789113
956.180365765765 -0.0690325555352013
959.607535535535 -0.0360536683457006
963.034705305305 -0.0779598168109126
966.461875075074 -0.0827612405860634
969.889044844844 -0.0813229873864984
973.316214614614 -0.0692432892931788
976.743384384384 -0.034150495115166
980.170554154154 -0.0777814267947999
983.597723923923 -0.0826738875803792
987.024893693693 -0.0812943167154915
990.452063463463 -0.0694470962544143
993.879233233233 -0.0321148349217721
997.306403003002 -0.0776012314302516
1000.73357277277 -0.0825859782863002
1004.16074254254 -0.0812648294917565
1007.58791231231 -0.069644222132454
1011.01508208208 -0.0299308570361887
1014.44225185185 -0.0774191930810926
1017.86942162162 -0.0824975103812928
1021.29659139139 -0.0812345351989709
1024.72376116116 -0.0698349006877954
1028.15093093093 -0.0275800153476299
1031.5781007007 -0.0772352729243234
1035.00527047047 -0.0824084814420665
1038.43244024024 -0.0812034430845773
1041.85961001001 -0.0700193544557361
1045.28677977978 -0.025040427933222
1048.71394954955 -0.077049430903525
1052.14111931932 -0.0823188889434513
1055.56828908909 -0.081171562165537
1058.99545885886 -0.0701977954212031
1062.42262862863 -0.0222860759648191
1065.8497983984 -0.0768616256800328
1069.27696816817 -0.0822287302572191
1072.70413793794 -0.0811389012338741
1076.13130770771 -0.0703704256448468
1079.55847747748 -0.0192857568152905
1082.98564724725 -0.0766718145817066
1086.41281701702 -0.082138002650856
1089.83998678679 -0.0811054688620543
1093.26715655656 -0.0705374378446992
1096.69432632633 -0.0160016977140426
1100.1214960961 -0.0764799535491656
1103.54866586587 -0.0820467032862796
1106.97583563563 -0.0810712734081622
1110.4030054054 -0.0706990159368964
1113.83017517517 -0.0123876928492338
1117.25734494494 -0.0762859970793789
1120.68451471471 -0.0819548292185011
1124.11168448448 -0.0810363230209175
1127.53885425425 -0.0708553355388726
1130.96602402402 -0.00838655913360856
1134.39319379379 -0.0760898981664098
1137.82036356356 -0.0818623773942314
1141.24753333333 -0.0810006256445241
1144.6747031031 -0.0710065644380888
1148.10187287287 -0.0039265978687481
1151.52904264264 -0.0758916082391341
1154.95621241241 -0.0817693446504305
1158.38338218218 -0.0809641890233465
1161.81055195195 -0.0711528630289399
1165.23772172172 0.00108342744939448
1168.66489149149 -0.0756910770958581
1172.09206126126 -0.0816757277127976
1175.51923103103 -0.0809270207064364
1178.9464008008 -0.0712943847204668
1182.37357057057 0.00676158596931167
1185.80074034034 -0.0754882528354522
1189.22791011011 -0.0815815231941992
1192.65507987988 -0.0808891280519186
1196.08224964965 -0.0714312763170426
1199.50941941942 0.0132636585786802
1202.93658918919 -0.0752830817850211
1206.36375895896 -0.0814867275930379
1209.79092872873 -0.0808505182312088
1213.2180984985 -0.0715636783741561
1216.64526826827 0.0207998636346367
1220.07243803804 -0.0750755084237096
1223.49960780781 -0.0813913372915575
1226.92677757758 -0.0808111982331126
1230.35394734735 -0.0716917255312189
1233.78111711712 0.0296615008631763
1237.20828688689 -0.0748654753024826
1240.63545665666 -0.081295348554082
1244.06262642643 -0.0807711748677761
1247.4897961962 -0.0718155468230337
1250.91696596597 0.0402652151595232
1254.34413573573 -0.074652922959651
1257.7713055055 -0.08119875752519
1261.19847527527 -0.0807304547705084
1264.62564504504 -0.0719352659716181
1268.05281481481 0.0532303399189868
1271.47998458458 -0.0744377898318201
1274.90715435435 -0.0811015602278159
1278.33432412412 -0.0806890444054802
1281.76149389389 -0.0720510016597354
1285.18866366366 0.0695226706298832
1288.61583343343 -0.0742200121599747
1292.0430032032 -0.0810037525612887
1295.47017297297 -0.0806469500692971
1298.89734274274 -0.0721628677875279
1302.32451251251 0.0907433559809565
1305.75168228228 -0.0739995238904543
1309.17885205205 -0.0809053302992938
1312.60602182182 -0.0806041778944505
1316.03319159159 -0.0722709737134033
1319.46036136136 0.119771136695867
1322.88753113113 -0.0737762565703515
1326.3147009009 -0.0808062890877555
1329.74187067067 -0.0805607338526639
1333.16904044044 -0.0723754244804068
1336.59621021021 0.162400326138348
1340.02337997998 -0.0735501392371423
1343.45054974975 -0.0807066244426564
1346.87771951952 -0.0805166237581205
1350.30488928929 -0.0724763210289379
1353.73205905906 0.232439486800846
1357.15922882883 -0.0733210983020056
1360.5863985986 -0.0806063317477655
1364.01356836837 -0.0804718532705833
1367.44073813814 -0.0725737603969554
1370.86790790791 0.373605166753703
1374.29507767768 -0.0730890574264758
1377.72224744745 -0.0805054062522923
1381.14941721722 -0.0804264278984124
1384.57658698699 -0.0726678359083203
1388.00375675676 0.835851327277312
1391.43092652653 -0.0728539373920251
1394.8580962963 -0.0804038430684576
1398.28526606607 -0.0803803530014842
1401.71243583583 -0.0727586373502901
1405.1396056056 1.2820314731956
1408.56677537537 -0.0726156559619911
1411.99394514514 -0.080301637168974
1415.42111491491 -0.0803336337940109
1418.84828468468 -0.0728462511407748
1422.27545445445 0.454180373041957
1425.70262422422 -0.072374127735347
1429.12979399399 -0.0801987833844453
1432.55696376376 -0.0802862753472626
1435.98413353353 -0.0729307604860498
1439.4113033033 0.265205385755602
1442.83847307307 -0.0721292639918789
1446.26564284284 -0.0800952764006652
1449.69281261261 -0.0802382825922015
1453.11998238238 -0.0730122455296304
1456.54715215215 0.180706612653453
1459.97432192192 -0.0718809725278972
1463.40149169169 -0.0799911107558345
1466.82866146146 -0.0801896603220242
1470.25583123123 -0.0730907834927707
1473.683001001 0.131828676569112
1477.11017077077 -0.0716291574820711
1480.53734054054 -0.0798862808376707
1483.96451031031 -0.0801404131946229
1487.39168008008 -0.0731664488072533
1490.81884984985 0.0995518125263618
1494.24601961962 -0.0713737191504929
1497.67318938939 -0.079780780880423
1501.10035915916 -0.0800905457349513
1504.52752892893 -0.0732393132408816
1507.9546986987 0.076445571716784
1511.38186846847 -0.0711145537902885
1514.80903823824 -0.0796746049617855
1518.23620800801 -0.080040062337324
1521.66337777778 -0.0733094460161675
1525.09054754755 0.0589803858626831
1528.51771731732 -0.0708515534108947
1531.94488708709 -0.079567746999693
1535.37205685686 -0.0799889672676221
1538.79922662663 -0.0733769139226704
1542.2263963964 0.0452529827815387
1545.65356616617 -0.0705846055520434
1549.08073593593 -0.0794602007490286
1552.5079057057 -0.0799372646654349
1555.93507547547 -0.0734417814233043
1559.36224524524 0.0341411149060488
1562.78941501501 -0.0703135930475195
1566.21658478478 -0.0793519597981949
1569.64375455455 -0.0798849585461149
1573.07092432432 -0.0735041107550941
1576.49809409409 0.0249375351917198
1579.92526386386 -0.070038393773537
1583.35243363363 -0.0792430175655847
1586.7796034034 -0.0798320528027694
1590.20677317317 -0.0735639620246382
1593.63394294294 0.0171729614644802
1597.06111271271 -0.0697588803806153
1600.48828248248 -0.0791333672959185
1603.91545225225 -0.0797785512081758
1607.34262202202 -0.0736213932986279
1610.76979179179 0.0105229364818418
1614.19696156156 -0.0694749200076306
1617.62413133133 -0.0790230020564564
1621.0513011011 -0.0797244574166297
1624.47847087087 -0.0736764606897674
1627.90564064064 0.00475546854646505
1631.33281041041 -0.0691863739765963
1634.75998018018 -0.0789119147330989
1638.18714994995 -0.0796697749657283
1641.61431971972 -0.0737292184382266
1645.04148948949 -0.000300025497605341
1648.46865925926 -0.0688930974667049
1651.89582902903 -0.0788000980263298
1655.3229987988 -0.0796145072780807
1658.75016856857 -0.0737797189891043
1662.17733833834 -0.0047719778755195
1665.60450810811 -0.0685949391658667
1669.03167787788 -0.0786875444470335
1672.45884764765 -0.0795586576629655
1675.88601741742 -0.0738280130659283
1679.31318718719 -0.0087590654921292
1682.74035695696 -0.0682917408980362
1686.16752672673 -0.0785742463121595
1689.5946964965 -0.0795022293179158
1693.02186626627 -0.0738741497405683
1696.44903603604 -0.012338447162943
1699.8762058058 -0.0679833372240971
1703.30337557557 -0.0784601957402527
1706.73054534534 -0.0794452253302475
1710.15771511511 -0.0739181764996946
1713.58488488488 -0.0155713903665985
1717.01205465465 -0.0676695550143829
1720.43922442442 -0.0783453846468088
1723.86639419419 -0.0793876486785345
1727.29356396396 -0.0739601393079977
1730.72073373373 -0.0185072083440633
1734.1479035035 -0.06735021299007
1737.57507327327 -0.0782298047394897
1741.00224304304 -0.0793295022340131
1744.42941281281 -0.0740000826683772
1747.85658258258 -0.0211860738755313
1751.28375235235 -0.0670251212310822
1754.71092212212 -0.0781134475131585
1758.13809189189 -0.0792707887619428
1761.56526166166 -0.0740380496792073
1764.99243143143 -0.0236410683862218
1768.4196012012 -0.0666940806473487
1771.84677097097 -0.077996304244749
1775.27394074074 -0.0792115109229009
1778.70111051051 -0.0740740820889183
1782.12828028028 -0.0258996994512132
1785.55545005005 -0.0663568824103207
1788.98261981982 -0.0778783659879587
1792.40978958959 -0.0791516712740327
1795.83695935936 -0.0741082203480066
1799.26412912913 -0.027985041709969
1802.6912988989 -0.0660133073411271
1806.11846866867 -0.0777596235677405
1809.54563843844 -0.07909127227024
1812.97280820821 -0.0741405036585795
1816.39997797798 -0.0299166064301607
1819.82714774775 -0.065663125251388
1823.25431751752 -0.0776400675746326
1826.68148728729 -0.0790303162653251
1830.10865705706 -0.0741709700216408
1833.53582682683 -0.0317110125253451
1836.9629965966 -0.065306094232353
1840.39016636637 -0.0775196883588652
1843.81733613614 -0.0789688055130783
1847.2445059059 -0.074199656282185
1850.67167567567 -0.0333825102508588
1854.09884544544 -0.0649419598876469
1857.52601521521 -0.0773984760242602
1860.95318498498 -0.0789067421683187
1864.38035475475 -0.0742265981722312
1867.80752452452 -0.0349433941792652
1871.23469429429 -0.0645704545040227
1874.66186406406 -0.0772764204219313
1878.08903383383 -0.0788441282878853
1881.5162036036 -0.0742518303519262
1884.94337337337 -0.0364043319835171
1888.37054314314 -0.0641912961544785
1891.79771291291 -0.0771535111437367
1895.22488268268 -0.0787809658315797
1898.65205245245 -0.0742753864487796
1902.07922222222 -0.037774628503049
1905.50639199199 -0.0638041877268617
1908.93356176176 -0.0770297375155338
1912.36073153153 -0.0787172566630633
1915.7879013013 -0.0742972990951543
1919.21507107107 -0.0390624395651684
1922.64224084084 -0.0634088158707759
1926.06941061061 -0.0769050885901615
1929.49658038038 -0.0786530025507034
1932.92375015015 -0.0743175999641084
1936.35091991992 -0.0402749464353473
1939.77808968969 -0.0630048498544428
1943.20525945946 -0.0767795531401789
1946.63242922923 -0.0785882051683811
1950.059598999 -0.0743363198036685
1953.48676876877 -0.0414184991496869
1956.91393853854 -0.0625919403225301
1960.34110830831 -0.0766531196503573
1963.76827807808 -0.078522866096247
1967.19544784785 -0.0743534884695781
1970.62261761762 -0.0424987350567061
1974.04978738739 -0.0621697179444455
1977.47695715716 -0.0765257763098846
1980.90412692693 -0.0784569868214365
1984.3312966967 -0.0743691349566634
1987.75846646647 -0.0435206774586878
1991.18563623624 -0.0617377919417603
1994.612806006 -0.0763975110042868
1998.03997577577 -0.0783905687387414
2001.46714554554 -0.0743832874288342
2004.89431531531 -0.044488818167984
2008.32148508508 -0.0612957484817683
2011.74865485485 -0.0762683113070723
2015.17582462462 -0.0783236131512379
2018.60299439439 -0.0743959732478063
2022.03016416416 -0.0454071869749937
2025.45733393393 -0.0608431489226734
2028.8845037037 -0.0761381644710497
2032.31167347347 -0.0782561212708712
2035.73884324324 -0.0744072190006237
2039.16601301301 -0.0462794104011997
2042.59318278278 -0.0603795278939361
2046.02035255255 -0.0760070574193376
2049.44752232232 -0.0781880942189993
2052.87469209209 -0.0744170505259923
2056.30186186186 -0.0471087616284787
2059.72903163163 -0.0599043911935092
2063.1562014014 -0.0758749767360405
2066.58337117117 -0.0781195330268938
2070.01054094094 -0.0744254929395466
2073.43771071071 -0.0478982031223357
2076.86488048048 -0.0594172134806787
2080.29205025025 -0.0757419086565712
2083.71922002002 -0.0780504386362029
2087.14638978979 -0.0744325706580479
2090.57355955956 -0.0486504231750679
2094.00072932933 -0.058917435741232
2097.4278990991 -0.0756078390576186
2100.85506886887 -0.0779808118993688
2104.28223863864 -0.0744383074226066
2107.70940840841 -0.0493678673620753
2111.13657817818 -0.0584044624975562
2114.56374794795 -0.0754727534467525
2117.99091771772 -0.0779106535800107
2121.41808748749 -0.0744427263209227
2124.84525725726 -0.0500527657255816
2128.27242702703 -0.0578776587334775
2131.6995967968 -0.0753366369515908
2135.12676656657 -0.0778399643532605
2138.55393633634 -0.0744458498086642
2141.9811061061 -0.0507071563502644
2145.40827587587 -0.0573363464983782
2148.83544564564 -0.0751994743086226
2152.26261541541 -0.0777687448060667
2155.68978518518 -0.0744476997299373
2159.11695495495 -0.0513329058825996
2162.54412472472 -0.0567798011510558
2165.97129449449 -0.0750612498515251
2169.39846426426 -0.0776969954374524
2172.82563403403 -0.0744482973369949
2176.2528038038 -0.0519317274480098
2179.67997357357 -0.0562072471971945
2183.10714334334 -0.0749219474991132
2186.53431311311 -0.077624716658738
2189.96148288288 -0.0744476633090807
2193.38865265265 -0.0525051963462001
2196.81582242242 -0.0556178536676594
2200.24299219219 -0.0747815507427667
2203.67016196196 -0.0775519087937231
2207.09733173173 -0.074445817770607
2210.5245015015 -0.0530547638414617
2213.95167127127 -0.0550107289774689
2217.37884104104 -0.0746400426333808
2220.80601081081 -0.07747857207883
2224.23318058058 -0.0744427803085799
2227.66035035035 -0.0535817693134713
2231.08752012012 -0.0543849151946537
2234.51468988989 -0.0744974057678404
2237.94185965966 -0.0774047066632082
2241.36902942943 -0.0744385699893208
2244.7961991992 -0.0540874509941293
2248.22336896897 -0.0537393816384985
2251.65053873874 -0.0743536222749043
2255.07770850851 -0.0773303126088009
2258.50487827828 -0.0744332053746118
2261.93204804805 -0.0545729554790149
2265.35921781782 -0.0530730177122393
2268.78638758759 -0.0742086738005834
2272.21355735736 -0.0772553898903722
2275.64072712713 -0.0744267045371173
2279.0678968969 -0.0550393461753877
2282.49506666667 -0.0523846248611378
2285.92223643644 -0.0740625414929074
2289.3494062062 -0.0771799383954955
2292.77657597597 -0.0744190850753153
2296.20374574574 -0.055487610823126
2299.63091551551 -0.0516729075266052
2303.05808528528 -0.0739152059861062
2306.48525505505 -0.0771039579245043
2309.91242482482 -0.074410364127785
2313.33959459459 -0.0559186682067425
2316.76676436436 -0.0509364629469719
2320.19393413413 -0.0737666473841302
2323.6211039039 -0.0770274481904037
2327.04827367367 -0.0744005583869787
2330.47544344344 -0.0563333741581326
2333.90261321321 -0.0501737696270445
2337.32978298298 -0.0736168452434998
2340.75695275275 -0.0769504088187433
2344.18412252252 -0.0743896841125084
2347.61129229229 -0.0567325269368681
2351.03846206206 -0.0493831742678222
2354.46563183183 -0.0734657785554811
2357.8928016016 -0.0768728393474506
2361.31997137137 -0.0743777571438547
2364.74714114114 -0.0571168720628818
2368.17431091091 -0.0485628769090604
2371.60148068068 -0.0733134257275172
2375.02865045045 -0.0767947392266274
2378.45582022022 -0.074364792912693
2381.88298998999 -0.0574871066651401
2385.31015975976 -0.0477109139896225
2388.73732952953 -0.0731597645638844
2392.1644992993 -0.076716107818304
2395.59166906907 -0.0743508064546903
2399.01883883884 -0.0578438834033013
2402.44600860861 -0.0468251389748465
2405.87317837838 -0.0730047722455364
2409.30034814815 -0.0766369443961576
2412.72751791792 -0.0743358124209176
2416.15468768769 -0.0581878140097859
2419.58185745746 -0.045903200128469
2423.00902722723 -0.0728484253091501
2426.436196997 -0.0765572481451875
2429.86336676677 -0.0743198250888074
2433.29053653654 -0.058519472495602
2436.7177063063 -0.0449425149224088
2440.14487607607 -0.0726906996251996
2443.57204584584 -0.0764770181613543
2446.99921561561 -0.0743028583727351
2450.42638538538 -0.0588393980563415
2453.85355515515 -0.0439402404689108
2457.28072492492 -0.0725315703752002
2460.70789469469 -0.076396253451175
2464.13506446446 -0.0742849258342143
2467.56223423423 -0.0591480977108562
2470.989404004 -0.0428932392289583
2474.41657377377 -0.0723710120279061
2477.84374354354 -0.0763149529312803
2481.27091331331 -0.0742660406917077
2484.69808308308 -0.0594460487013882
2488.12525285285 -0.0417980390840503
2491.55242262262 -0.0722089983144935
2494.97959239239 -0.0762331154279297
2498.40676216216 -0.0742462158301041
2501.83393193193 -0.0597337006794646
2505.2611017017 -0.0406507866490844
2508.68827147147 -0.0720455022027128
2512.11544124124 -0.0761507396764853
2515.54261101101 -0.0742254638098448
2518.96978078078 -0.0600114777004454
2522.39695055055 -0.0394471924417891
2525.82412032032 -0.0718804958698286
2529.25129009009 -0.0760678243208468
2532.67845985986 -0.0742037968757465
2536.10562962963 -0.0602797800454967
2539.5327993994 -0.0381824661842414
2542.95996916917 -0.0717139506744525
2546.38713893894 -0.0759843679128368
2549.81430870871 -0.0741812269654648
2553.24147847848 -0.0605389858887482
2556.66864824825 -0.0368512400833364
2560.09581801802 -0.0715458371270548
2563.52298778779 -0.0759003689115536
2566.95015755756 -0.0741577657177241
2570.37732732733 -0.0607894528244399
2573.8044970971 -0.0354474773740608
2577.23166686687 -0.0713761248592089
2580.65883663663 -0.075815825682669
2584.0860064064 -0.0741334244801972
2587.51317617617 -0.0610315192681294
2590.94034594594 -0.0339643626840713
2594.36751571571 -0.071204782591431
2597.79468548548 -0.0757307364976939
2601.22185525525 -0.0741082143171544
2604.64902502502 -0.061265505743665
2608.07619479479 -0.0323941698176408
2611.50336456456 -0.0710317780995292
2614.93053433433 -0.0756450995331917
2618.3577041041 -0.0740821460168263
2621.78487387387 -0.0614917160667917
2625.21204364364 -0.0307281012884387
2628.63921341341 -0.0708570781794596
2632.06638318318 -0.0755589128699439
2635.49355295295 -0.0740552300985126
2638.92072272272 -0.0617104384351397
2642.34789249249 -0.0289560922311221
2645.77506226226 -0.0706806486105441
2649.20223203203 -0.0754721744920838
2652.6294018018 -0.0740274768194446
2656.05657157157 -0.061921946433021
2659.48374134134 -0.027066569018844
2662.91091111111 -0.0705024541169642
2666.33808088088 -0.0753848822861596
2669.76525065065 -0.0739988961814178
2673.19242042042 -0.0621264999589985
2676.61959019019 -0.0250461497760331
2680.04675995996 -0.0703224583274617
2683.47392972973 -0.0752970340401793
2686.9010994995 -0.0739694979371993
2690.32826926927 -0.0623243460825566
2693.75543903904 -0.0228792696209766
2697.18260880881 -0.070140623733146
2700.60977857858 -0.0752086274425774
2704.03694834835 -0.0739392915967
2707.46411811812 -0.0625157198371122
2710.89128788789 -0.0205477073832611
2714.31845765766 -0.0699569116432265
2717.74562742743 -0.0751196600811546
2721.1727971972 -0.0739082864329605
2724.59996696697 -0.0627008449537146
2728.02713673673 -0.0180299818880037
2731.4543065065 -0.0697712821387569
2734.88147627627 -0.0750301294419602
2738.30864604604 -0.0738764914879108
2741.73581581581 -0.0628799345415913
2745.16298558558 -0.0153005734184385
2748.59015535535 -0.0695836940239805
2752.01732512512 -0.0749400329081103
2755.44449489489 -0.0738439155779521
2758.87166466466 -0.0630531917194493
2762.29883443443 -0.0123289076992135
2765.7260042042 -0.0693941047753992
2769.15317397397 -0.07484936775858
2772.58034374374 -0.0738105672993431
2776.00751351351 -0.0632208102015878
2779.43468328328 -0.00907801247409325
2782.86185305305 -0.0692024704882998
2786.28902282282 -0.074758131166912
2789.71619259259 -0.073776455033403
2793.14336236236 -0.0633829748431538
2796.57053213213 -0.00550271530705598
2799.9977019019 -0.0690087458206334
2803.42487167167 -0.0746663201998974
2806.85204144144 -0.0737415869515512
2810.27921121121 -0.0635398621471413
2813.70638098098 -0.00154718683357843
2817.13355075075 -0.0688128839340689
2820.56072052052 -0.0745739318161787
2823.98789029029 -0.0737059710201594
2827.41506006006 -0.0636916407368922
2830.84222982983 0.00285846877619089
2834.2693995996 -0.0686148364320564
2837.69656936937 -0.0744809628648104
2841.12373913914 -0.073669615005257
2844.55090890891 -0.063838471796263
2847.97807867868 0.00780304181516373
2851.40524844845 -0.0684145532948223
2854.83241821822 -0.074387410083758
2858.25958798799 -0.0736325264770822
2861.68675775776 -0.0639805094803953
2865.11392752753 0.013401211047049
2868.5410972973 -0.0682119828108604
2871.96826706707 -0.0742932700983227
2875.39543683683 -0.07359471281446
2878.8226066066 -0.0641179012994053
2882.24977637637 0.0198039421766268
2885.67694614614 -0.0680070715049996
2889.10411591591 -0.0741985394195301
2892.53128568568 -0.0735561812090579
2895.95845545545 -0.0642507884766543
2899.38562522522 0.0272144178501048
2902.81279499499 -0.0677997640626546
2906.23996476476 -0.0741032144424299
2909.66713453453 -0.0735169386694891
2913.0943043043 -0.0643793062840276
2916.52147407407 0.0359133082068773
2919.94864384384 -0.0675900032500242
2923.37581361361 -0.0740072914443528
2926.80298338338 -0.0734769920252811
2930.23015315315 -0.0645035843557256
2933.65732292292 0.0463005449206814
2937.08449269269 -0.0673777298301962
2940.51166246246 -0.0739107665830848
2943.93883223223 -0.0734363479307108
2947.366002002 -0.0646237469820601
2950.79317177177 0.0589678757742849
2954.22034154154 -0.067162882474426
2957.64751131131 -0.0738136358949812
2961.07468108108 -0.0733950128685261
2964.50185085085 -0.0647399133849912
2967.92902062062 0.0748327343241651
2971.35619039039 -0.0669453976689907
2974.78336016016 -0.073715895293009
2978.21052992993 -0.073352993153509
2981.6376996997 -0.0648521979765138
2985.06486946947 0.0954046889231372
2988.49203923924 -0.0667252096165757
2991.91920900901 -0.0736175405647164
2995.34637877878 -0.0733102949359675
2998.77354854855 -0.0649607106013027
3002.20071831832 0.123370409611757
3005.62788808809 -0.0665022501323452
3009.05505785786 -0.0735185673701303
3012.48222762763 -0.0732669242050764
3015.9093973974 -0.0650655567644413
3019.33656716717 0.164059800034187
3022.76373693693 -0.0662764485342952
3026.1909067067 -0.0734189712395754
3029.61807647647 -0.0732228867921162
3033.04524624624 -0.0651668378458064
3036.47241601601 0.229891770866002
3039.89958578578 -0.0660477315271349
3043.32675555555 -0.0733187475714168
3046.75392532532 -0.073178188373627
3050.18109509509 -0.065264651301414
3053.60826486486 0.358626600123921
3057.03543463463 -0.065816023079882
3060.4626044044 -0.0732178916297231
3063.88977417417 -0.0731328344743998
3067.31694394394 -0.0653590908531335
3070.74411371371 0.746921613033934
3074.17128348348 -0.0655812442960495
3077.59845325325 -0.073116398541838
3081.02562302302 -0.0730868304704455
3084.45279279279 -0.0654502466672948
3087.87996256256 1.52933641957024
3091.30713233233 -0.0653433132765671
3094.7343021021 -0.0730142632958837
3098.16147187187 -0.0730401815917892
3101.58864164164 -0.0655382055230282
3105.01581141141 0.497951429939656
3108.44298118118 -0.0651021449744733
3111.87015095095 -0.0729114807381595
3115.29732072072 -0.0729928929252353
3118.72449049049 -0.0656230509710079
3122.15166026026 0.285779596324836
3125.57883003003 -0.064857651040903
3129.0059997998 -0.0728080455704579
3132.43316956957 -0.0729449694169897
3135.86033933934 -0.0657048634832404
3139.28750910911 0.194970299516084
3142.71467887888 -0.0646097396621248
3146.14184864865 -0.0727039523472853
3149.56901841842 -0.0728964158752141
3152.99618818819 -0.0657837205944707
3156.42335795796 0.143474687075682
3159.85052772773 -0.0643583153862482
3163.2776974975 -0.0725991954729872
3166.70486726727 -0.0728472369725104
3170.13203703703 -0.0658596970358186
3173.5592068068 0.109850900932612
3176.98637657657 -0.064103278939668
3180.41354634634 -0.0724937691987727
3183.84071611611 -0.072797437248276
3187.26788588588 -0.065932864860985
3190.69505565565 0.0859548458749244
3194.12222542542 -0.0638445270319015
3197.54939519519 -0.0723876676196395
3200.97656496496 -0.0727470211110288
3204.40373473473 -0.0660032935657122
3207.8309045045 0.0679840430433485
3211.25807427427 -0.0635819521482581
3214.68524404404 -0.0722808846711807
3218.11241381381 -0.0726959928406159
3221.53958358358 -0.0660710502007687
3224.96675335335 0.0539119047651327
3228.39392312312 -0.063315442329343
3231.82109289289 -0.0721734141263085
3235.24826266266 -0.0726443565903559
3238.67543243243 -0.0661361994789157
3242.1026022022 0.0425535720870747
3245.52977197197 -0.0630448809364154
3248.95694174174 -0.0720652495918282
3252.38411151151 -0.0725921163891146
3255.81128128128 -0.0661988038762868
3259.23845105105 0.0331671411609749
3262.66562082082 -0.0627701464015228
3266.09279059059 -0.0719563845049323
3269.51996036036 -0.0725392761432906
3272.94713013013 -0.066258923728319
3276.3742998999 0.0252628247461564
3279.80146966967 -0.0624911119612353
3283.22863943944 -0.0718468121295489
3286.65580920921 -0.0724858396387558
3290.08297897898 -0.0663166173209065
3293.51014874875 0.0185033728117645
3296.93731851852 -0.0622076453727173
3300.36448828829 -0.0717365255525627
3303.79165805806 -0.0724318105426955
3307.21882782783 -0.0663719409767279
3310.6459975976 0.0126484597831443
3314.07316736737 -0.0619196086106488
3317.50033713713 -0.0716255176799439
3320.9275069069 -0.0723771924054027
3324.35467667667 -0.0664249491372282
3327.78184644644 0.00752187469550449
3331.20901621621 -0.0616268575436964
3334.63618598598 -0.0715137812326779
3338.06335575575 -0.0723219886620048
3341.49052552552 -0.0664756944404975
3344.91769529529 0.00299126775580803
3348.34486506506 -0.0613292415885716
3351.77203483483 -0.0714013087426363
3355.1992046046 -0.0722662026341137
3358.62637437437 -0.0665242277951595
3362.05354414414 -0.00104483679867796
3365.48071391391 -0.0610266033400895
3368.90788368368 -0.0712880925482223
3372.33505345345 -0.0722098375314273
3375.76222322322 -0.0665705984507342
3379.18939299299 -0.00466564289777918
3382.61656276276 -0.0607187781750302
3386.04373253253 -0.0711741247899353
3389.4709023023 -0.072152896453263
3392.89807207207 -0.0666148540643702
3396.32524184184 -0.00793394206759156
3399.75241161161 -0.0604055938279739
3403.17958138138 -0.0710593974057549
3406.60675115115 -0.0720953823900372
3410.03392092092 -0.0666570407644938
3413.46109069069 -0.0109002031678202
3416.88826046046 -0.0600868699361277
3420.31543023023 -0.0709439021263356
3423.7426 -0.0720372982246769
