Period.day lnBF
1.1 -3.46632049198034
1.1 -3.46632049247275
1.11122324250452 -3.33533843951056
1.12267786609144 -2.119603593719
1.13437110059934 -2.66744443651652
1.1463104802462 -1.16659757059135
1.15850385981784 -3.34887509862343
1.17095943190081 -0.84559894217701
1.18368574523887 -3.39237105499665
1.19669172429981 1.61129701382768
1.20608694794517 -2.50570615275327
1.20998669014641 -3.06958507261399
1.22358038271437 -3.16047180543683
1.23748298460896 -0.2933436101772
1.25170514654261 -2.97058582617008
1.26625801454697 -3.79653900043506
1.28115325910566 -3.36020966316536
1.29640310636755 -3.29566689424557
1.31202037161622 -3.63046641571639
1.3224052054579 -3.65236905644099
1.32801849518798 -1.35197690039417
1.34441158105024 -3.76045014637392
1.3612144382728 -3.60320140124869
1.3784426256484 -3.09725832597318
1.3961124997452 -2.81107351446296
1.41424126670305 -1.05628691940626
1.43284703811834 -2.45296125932419
1.4499415074523 0.187353090346913
1.45194889139902 -3.65981545648846
1.47156693501255 -2.48965102878884
1.49172237909583 -2.87434188424622
1.51243761194851 -3.14022838857362
1.53373628298942 -3.52986678553247
1.55564339282253 -3.33124520052318
1.57818539113347 -3.70797742339167
1.58977775220196 -2.36394830099871
1.60139028322256 -1.25320582977772
1.62528774607663 -3.84483254229893
1.64990925499098 -3.25016965712394
1.6752882218777 -3.08288942436223
1.70146014653806 0.419653537421812
1.7284627823394 -3.64877130261968
1.74310017914945 -2.77144268003826
1.75633631792236 -3.9220411945275
1.78512357677786 -1.08589216884702
1.81487023677807 -3.67382204547967
1.84562507202853 -3.89188540006679
1.87744021973464 -2.49992271931513
1.91037147515412 -2.16417350800087
1.91120943184822 -3.69117085302048
1.94447861814529 -2.83195449827962
1.97982577533177 -3.92887578213652
2.01648182249961 -1.49764301892207
2.05452083253939 -3.7174448021272
2.09402257506321 -2.24361123380959
2.09553159140167 -3.77402229934859
2.13507307478755 -2.28311490208215
2.17776523690746 -3.52227294791384
2.22219954903021 -2.57019823105401
2.26848487083072 -3.24532656081317
2.29763027399666 -0.573955067554291
2.31673932449072 -3.72890652354587
2.36709130125465 -2.65500268012345
2.41968060216052 -2.70983191887637
2.47465973428654 -3.55261871171699
2.5192198951555 -3.0357492065559
2.53219538782351 -3.43546130225848
2.5924701241029 -1.93585307288468
2.65568431058777 -3.76577672909301
2.72205834603336 -2.86576057127316
2.76218021322804 -3.35935696449126
2.79183522788451 -3.29117404994896
2.86528352493547 -0.866224592734089
2.94270083190072 -3.91356087411973
3.02441779957358 -3.10875784672404
3.02857227549704 -3.72900347531781
3.11080285565418 -3.88108584716686
3.20226775839787 -1.53474023758591
3.29927415968487 -3.70226019712073
3.32065590216871 -2.32595766118054
3.40234139824672 -2.39413237251693
3.51205580072938 -3.08226361325858
3.6290818422939 -0.113868661184679
3.64090885656616 -2.80089865870908
3.75417561544004 -0.957579554562859
3.88820118388407 -3.93591097840535
3.99204786414765 -2.40043295012814
4.03215056916638 -3.67701710559067
4.18716834762187 -3.69658579856614
4.3545821480526 -3.83865726709368
4.37705165865534 -3.27885847843706
4.53594077036019 1.08785280640917
4.73306224346282 -2.16143908218617
4.79918625089633 1.26626131430958
4.94809498343138 -2.77572773323558
5.18359641632134 -2.24226212435429
5.2620326345127 -2.36977168661955
5.44263517501646 -1.20169532729507
5.72892555027146 -1.83237041994994
5.76951716377027 0.213153195551701
6.04700673166783 -2.78877103470751
6.32594486106269 -3.55114423704483
6.4024852695805 -1.36860416135651
6.80236839853259 -1.32756347683997
6.93603593668047 -3.0753748666189
7.25553059315462 -1.05359660326565
7.60496583064451 -3.81846393093074
7.77337992126688 -3.67822721008333
8.33840911628122 -3.89206886369677
8.3708316870954 -3.40957306708308
9.06776845465742 -2.99757113194476
9.14258763797617 -3.65982204624843
9.89129565981937 -3.7197706065965
10.0243232914617 -3.71162812689188
10.8793491172143 -2.35048375731271
10.9910958943771 -1.44190838406121
12.0511066380199 -3.09025432149757
12.0867046249126 -3.61328107559482
13.2133476585556 -2.35899637449257
13.5954886448332 -1.04124280625655
14.4876783178598 -3.93511649227871
15.5346841423542 -2.3889954984863
15.88490884109 -3.84525695532465
17.4168920204886 -3.83938120411702
18.1191069226968 -2.6779811502282
19.096623763347 -2.97109191498129
20.9383533370839 -3.79970857674853
21.7350519126447 -3.65172944277708
22.9577042466555 -2.78730821507127
25.171806769706 -3.47415811525656
27.1540600182025 -2.06184456635411
27.5994432737639 -2.83685146729524
30.2612075482179 0.663142126976861
33.1796795026959 -1.55846365698091
36.1726721938776 -0.860579759126058
36.3796167138231 -1.06437278814647
39.8881644452636 -3.11815272271623
43.7350859226572 -1.95262757356287
47.9530148168886 -1.80803937990452
52.5777320775187 -2.84392977318686
54.161050794014 -2.28375262841437
57.6484694647758 -0.830070412990228
63.2082423549834 -1.57717098613602
69.3042146426368 -3.92213390982931
75.9880988346134 -1.85363609461222
83.3165947305407 1.29506229362854
91.3518704106749 -2.8300550423156
100.162089611539 -3.69505957934179
107.738578127783 0.903758322043668
109.821989963084 -3.47403863224544
120.413516992583 0.175559746248122
132.026519273571 2.63057503535838
144.759510616804 -3.94398516019397
158.720505768962 -3.50740763350852
174.027936708364 -3.81781670107529
190.811657310715 -2.98460775147252
209.21404490749 -3.42556863168816
229.391208081581 -3.14371300705198
251.514310945971 -3.5633866088162
275.771025139417 -2.74028969532295
302.367121856464 -1.13443790232831
331.528217417116 0.459592189188494
363.50168718392 -1.5190083445909
398.55876406234 -1.01495441454901
436.996839386133 -3.22585056600384
479.141985706278 1.57653118149462
525.35172288443 -2.99804399124292
576.018050955835 -1.02345078407877
631.57077548968 -3.35577704216463
692.481153656102 -3.05258389897316
759.265891929671 -3.52973556663703
832.491529342112 -3.80942217604323
912.779243467667 -3.71467312588127
1000.81011991056 -3.16665705488559
1097.33092999597 -1.34348719514928
1203.16046567698 -0.708274185346529
1319.19648539694 -1.13380956610427
1446.42332982945 -2.95141041399661
1585.92027210062 -3.1846777443329
1738.87067332928 -0.0128094830408796
1906.57202115189 2.66788661473266
2090.44693638976 1.97112063669551
2292.05524122878 -0.0295013329281386
2513.10719128667 -1.14322962588487
2755.47798381637 -1.45642673913978
3021.22366511927 -1.4245899663647
3312.59857211219 -1.28934210164416
3632.07445600575 -1.14159710947164
3982.36145032143 -1.00947699581647
4366.43106112062 -0.898824381384234
4787.54137447268 -0.808378812496433
5249.26469499908 -0.735065431969286
5755.51784995251 -0.675731913518245
6310.59541590288 -0.62764808740349
6919.20614989371 -0.588581948869102
7586.51293411704 -0.556751929773835
8318.1765729598 -0.530744654052147
9120.40381395462 -0.509439619717253
10000 -0.491946710055462
