phase.day RVsim
0 0.630321772715897
0.0223227265255446 0.63118998898589
0.167447894511497 0.636852056933436
0.31257306249654 0.642544842711096
0.457698230482265 0.648268654488932
0.602823398467763 0.654023803466598
0.747948566453317 0.659810603865699
0.770271292979032 0.660703541349748
0.91539646096453 0.6665272560694
1.06052162895003 0.672383309195088
1.20564679693553 0.678272024393242
1.35077196492102 0.68419372828515
1.49589713290663 0.690148750421234
1.6410223008921 0.696137423250714
1.66334502741756 0.69706159072452
1.80847019540352 0.703089507123927
1.95359536338901 0.709151799926651
2.09872053137451 0.71524881047253
2.24384569935978 0.721380882821552
2.38897086734539 0.727548363696256
2.41129359387105 0.72850019178116
2.53409603533095 0.733751602417448
2.55641876185655 0.73470896182929
2.70154392984205 0.740953895911654
2.84666909782754 0.747235348694295
2.99179426581327 0.753553677191753
3.13691943379865 0.759909240670954
3.28204460178421 0.766302400546196
3.30436732831004 0.767289136967333
3.42716976976977 0.772733520264363
3.44949249629508 0.773726127931875
3.59461766428103 0.780201500452458
3.7397428322663 0.786715621915238
3.88486800025203 0.793268861306868
4.02999316823752 0.799861589052699
4.17511833622308 0.80649417684164
4.19744106274902 0.807517942839737
4.34256623073406 0.814196985063405
4.48769139871956 0.820916691260308
4.63281656670529 0.827677435791576
4.77794173469078 0.83447959339156
4.9230669026764 0.841323538909188
5.06819207066189 0.848209647029557
5.09051479718755 0.849272613219471
5.23563996517305 0.856207834216283
5.38076513315855 0.863186022825202
5.52589030114427 0.870207551148317
5.67101546912954 0.877272789728654
5.81614063711515 0.88438210714901
5.83846336364059 0.885479576296347
5.96126580510071 0.891535869601949
5.98358853162654 0.892640207473685
6.12871369961158 0.899845702629511
6.27383886759731 0.907096421201204
6.41896403558303 0.914392718669642
6.56408920356841 0.921734945988699
6.70921437155403 0.929123448974608
6.73153709807957 0.930264054948161
6.85433953953954 0.936558567653439
6.87666226606507 0.937706373685615
7.02178743405102 0.945195692335501
7.16691260203606 0.95273233602057
7.31203777002179 0.960316621706446
7.45716293800729 0.967948857341956
7.60228810599284 0.975629340941481
7.62461083251856 0.976815030232816
7.76973600050405 0.984551539146466
7.91486116848955 0.992336899452586
8.05998633647505 1.00017137109788
8.20511150446055 1.00805519956975
8.35023667244616 1.01598861461209
8.49536184043166 1.02397182885508
8.51768456695709 1.02520421511762
8.66280973494304 1.03324512839072
8.80793490292854 1.04133623369969
8.95306007091403 1.04947767965929
9.0981852388993 1.05766959102968
9.24331040688492 1.06591206680599
9.26563313341057 1.06718439212029
9.38843557487048 1.0742051781815
9.41075830139607 1.07548529655322
9.55588346938157 1.08383688133953
9.70100863736707 1.09223915022702
9.84613380535279 1.10069207181061
9.99125897333818 1.10919557687418
10.1363841413238 1.11774955555685
10.1587068678496 1.11906977318172
10.2815093093093 1.12635385433202
10.3038320358346 1.12768179547999
10.4489572038206 1.13634390225546
10.5940823718061 1.14505583471963
10.7392075397916 1.1538172795241
10.884332707777 1.16262786482345
11.0294578757626 1.17148715607898
11.0517806022885 1.17285415727398
11.1969057702736 1.18176901838206
11.3420309382591 1.19073141517117
11.4871561062448 1.19974068468204
11.6322812742303 1.20879608067333
11.7774064422159 1.21789676780095
11.9225316102014 1.22704181541686
11.9448543367271 1.22845235187221
12.0899795047126 1.23764729352383
12.2351046726981 1.24688423588111
12.3802298406838 1.25616190239564
12.5253550086691 1.26547889082778
12.6704801766547 1.27483366466833
12.6928029031801 1.27627583647243
12.8156053446402 1.28422454400637
12.8379280711661 1.28567211076033
12.9830532391516 1.29510236132364
13.1281784071368 1.30456456556173
13.2733035751226 1.31405652465098
13.4184287431081 1.323575851728
13.5635539110935 1.33311995932509
13.5858766376191 1.33459002939598
13.7086790790791 1.34268604601372
13.7310018056046 1.34415923391289
13.8761269735905 1.35374690074301
14.0212521415758 1.36334971826305
14.1663773095613 1.37296411306159
14.3115024775468 1.38258623279223
14.4566276455324 1.39221192798607
14.4789503720581 1.39369256131204
14.6240755400436 1.40331681166798
14.7692007080291 1.41293459892015
14.9143258760146 1.42254070476785
15.0594510440001 1.43212952593454
15.2045762119857 1.44169504977488
15.3497013799712 1.4512308285174
15.3720241064966 1.45269452066549
15.5171492744826 1.46218736198644
15.6622744424681 1.47163496328696
15.8073996104536 1.48102931960529
15.9525247784388 1.49036186826143
16.0976499464244 1.49962345539707
16.1199726729501 1.50104113415264
16.24277511441 1.50880430093743
16.2650978409356 1.51020865066885
16.4102230089211 1.51928331514995
16.5553481769066 1.52825387234163
16.7004733448923 1.53710831998653
16.8455985128778 1.5458338673773
16.9907236808633 1.55441689250558
17.0130464073891 1.5557235495607
17.1358488488488 1.56284289791512
17.1581715753741 1.56412405813783
17.3032967433601 1.57234967256618
17.4484219113456 1.58038385471925
17.5935470793311 1.58820904515313
17.7386722473166 1.59580661558396
17.8837974153021 1.60315682129851
17.9061201418281 1.60426414161588
18.0512453098131 1.61130287740101
18.1963704777986 1.61804770918018
18.3414956457843 1.62447506656004
18.4866208137698 1.63056007487451
18.6317459817554 1.63627651569903
18.776871149741 1.64159679127348
18.7991938762666 1.64237815653852
18.9443190442521 1.64720519505352
19.0894442122376 1.65157180730703
19.2345693802233 1.6554458751448
19.3796945482086 1.6587938200831
19.5248197161942 1.66158060720477
19.5471424427196 1.66195716178359
19.6699448841798 1.66376976150434
19.6922676107056 1.66405106288927
19.8373927786911 1.66550349719785
19.9825179466764 1.66627501376361
20.1276431146621 1.66632487678608
20.2727682826476 1.66561115535857
20.4178934506331 1.66409083662428
20.4402161771586 1.66378262052601
20.5630186186186 1.66171996464755
20.5853413451441 1.66127696642062
20.7304665131301 1.6578690895774
20.8755916811153 1.65351360895767
21.0207168491008 1.64816483147792
21.1658420170863 1.64177702008838
21.3109671850719 1.6343046970006
21.3332899115976 1.63305621806266
21.4784150795831 1.62427685827408
21.6235402475686 1.61431755945216
21.7686654155541 1.60313604961159
21.9137905835396 1.59069195404081
22.0589157515252 1.57694727349945
22.2040409195107 1.5618668883667
22.2263636460361 1.55942666864873
22.3714888140221 1.54276596066156
22.5166139820076 1.52470617325146
22.6617391499931 1.50522476011569
22.8068643179784 1.48430428582883
22.951989485964 1.46193294993053
22.9743122124896 1.45836266194558
23.0971146539496 1.43810508380691
23.1194373804751 1.43431066763871
23.2645625484606 1.40880381661766
23.4096877164461 1.38185113155497
23.5548128844318 1.3534690152926
23.6999380524173 1.32368150084928
23.8450632204028 1.29252041128981
23.8673859469286 1.28760783716177
23.9901883883884 1.26002541987157
24.0125111149137 1.25491168812686
24.1576362828996 1.22093710000586
24.3027614508851 1.1857403468243
24.4478866188706 1.14938501948931
24.5930117868561 1.11194162041218
24.7381369548417 1.07348704920035
24.7604596813676 1.067487545766
24.9055848493526 1.02796933660968
25.0507100173381 0.98762429387258
25.1958351853239 0.946545054753901
25.3409603533094 0.904827571822213
25.486085521295 0.862570220649157
25.6312106892805 0.819872885324423
25.6535334158061 0.813272664206529
25.7986585837916 0.770192505382342
25.9437837517771 0.726888323812503
26.0889089197628 0.683458845509145
26.2340340877481 0.640000672876745
26.3791592557337 0.596607536387879
26.4014819822592 0.589944501566442
26.5242844237193 0.553369621284078
26.5466071502451 0.546738208805446
26.6917323182306 0.503786023212571
26.8368574862161 0.461168606280994
26.9819826542016 0.418961518276654
27.1271078221871 0.377234914323824
27.2722329901726 0.33605332987525
27.2945557166981 0.329771087127439
27.4173581581581 0.295475551356438
27.4396808846836 0.289291031464625
27.5848060526696 0.249475405469516
27.7299312206549 0.210370537745358
27.8750563886404 0.172017086027141
28.0201815566259 0.1344501884244
28.1653067246115 0.0976996611197677
28.1876294511371 0.0921208883380086
28.3327546191226 0.0563427205006724
28.4778797871081 0.0214282152151625
28.6230049550936 -0.0126079210358643
28.7681301230791 -0.0457551632255112
28.9132552910647 -0.0780068544447769
29.0583804590503 -0.109359889840268
29.0807031855757 -0.11410274376095
29.2258283535616 -0.144419250855221
29.3709535215471 -0.173841009977284
29.5160786895326 -0.202374093488422
29.6612038575179 -0.230026874057969
29.8063290255035 -0.256809753247963
29.8286517520291 -0.260852977125481
29.9514541934891 -0.282734905399752
29.9737769200146 -0.286647377307253
30.1189020880001 -0.311599987636085
30.2640272559859 -0.335726007679351
30.4091524239714 -0.359041710038833
30.5542775919569 -0.381564253271565
30.6994027599424 -0.403311511127619
30.7217254864681 -0.406588980890528
30.8445279279279 -0.42430191755784
30.8668506544532 -0.427464634997405
31.0119758224391 -0.447605221142016
31.1571009904246 -0.467029923342674
31.3022261584101 -0.485758092120294
31.4473513263956 -0.503809146858108
31.5924764943812 -0.521202489738643
31.6147992209071 -0.523820750326521
31.7599243888922 -0.540479198037755
31.9050495568777 -0.556521323060161
32.0501747248634 -0.571966024659906
32.1952998928489 -0.586831932218894
32.3404250608345 -0.601137365296113
32.48555022882 -0.614900300255542
32.5078729553456 -0.616970260867441
32.6529981233316 -0.630129103522326
32.7981232913166 -0.642782878159293
32.9432484593024 -0.654948322808123
33.0883736272876 -0.666641750054853
33.2334987952732 -0.677879037899212
33.2558215217987 -0.679568036869216
33.3786239632588 -0.688675623779639
33.4009466897846 -0.690298176912858
33.5460718577701 -0.700604875488712
33.6911970257556 -0.710502613395013
33.8363221937411 -0.720005428525381
33.9814473617266 -0.729126919204333
34.1265725297122 -0.737880249015297
34.1488952562377 -0.739194807512032
34.2716976976977 -0.746278152891724
34.2940204242232 -0.747539143936207
34.4391455922091 -0.755542224970864
34.5842707601944 -0.763215887729134
34.7293959281799 -0.770571565981758
34.8745210961654 -0.777620299542789
35.019646264151 -0.784372744083519
35.0419689906767 -0.785385753022956
35.1870941586621 -0.791809086466112
35.3322193266476 -0.797957824529349
35.4773444946331 -0.803841478710726
35.6224696626186 -0.809469219581125
35.7675948306043 -0.814849887376458
35.9127199985898 -0.819992002543513
35.9350427251152 -0.820762306003856
36.0801678931011 -0.825639358656504
36.2252930610866 -0.830295173042089
36.3704182290721 -0.834737328907804
36.5155433970574 -0.838973128681648
36.660668565043 -0.843009607227097
36.6829912915687 -0.843613234185392
36.8057937330286 -0.846853541375538
36.8281164595542 -0.84742813711612
36.9732416275397 -0.851058006386938
37.1183667955254 -0.854509094332712
37.2634919635109 -0.857787423738238
37.4086171314964 -0.860898796343144
37.5537422994819 -0.863848801086924
37.5760650260077 -0.864288588328928
37.6988674674674 -0.866642822093874
37.7211901939927 -0.867059081496368
37.8663153619786 -0.869679558805104
38.0114405299641 -0.872154989145129
38.1565656979496 -0.874490160081946
38.3016908659351 -0.876689684778657
38.4468160339208 -0.878758008671348
38.4691387604466 -0.87906478468151
38.6142639284317 -0.880987040171238
38.7593890964172 -0.88278712978676
38.9045142644029 -0.884469011026132
39.0496394323884 -0.886036498868065
39.194764600374 -0.887493271264926
39.3398897683595 -0.888842874425297
39.3622124948852 -0.889041175910433
39.5073376628711 -0.890271366527113
39.6524628308562 -0.891401601956879
39.7975879988419 -0.892435045260018
39.9427131668272 -0.893374747587207
40.0878383348129 -0.894223652481187
40.1101610613382 -0.894346353616291
40.2329635027984 -0.894984600007842
40.2552862293242 -0.89509401743045
40.4004113973097 -0.895756877391671
40.5455365652952 -0.896337563961822
40.6906617332806 -0.896838616106682
40.8357869012661 -0.897262484783649
40.9809120692517 -0.897611536289476
41.0032347957772 -0.897658733847497
41.1260372372372 -0.897888055473493
41.1483599637627 -0.897924294043971
41.2934851317486 -0.898119861036064
41.4386102997339 -0.898247554562802
41.5837354677194 -0.89830942222718
41.7288606357049 -0.898307442205439
41.8739858036905 -0.898243525847358
41.8963085302162 -0.898228316809044
42.0414336982017 -0.898095228295803
42.1865588661872 -0.897904104777081
42.3316840341727 -0.897656662725721
42.4768092021582 -0.897354561517201
42.6219343701438 -0.896999405535066
42.7670595381293 -0.896592746192171
42.7893822646547 -0.896525720982788
42.9345074326407 -0.896061497335538
43.0796326006262 -0.895548940899849
43.2247577686117 -0.894989448380513
43.3698829365969 -0.894384371080859
43.5150081045826 -0.89373501654258
43.6601332725682 -0.893042650120801
43.6824559990937 -0.892932414108062
43.8275811670792 -0.892191939058258
43.9727063350649 -0.891411041221408
44.1178315030504 -0.890590862537689
44.2629566710359 -0.889732508667131
44.4080818390215 -0.888837050271223
44.4304045655472 -0.888696087403242
44.553207007007 -0.887905524244659
44.5755297335322 -0.887759103480782
44.7206549015182 -0.886787207901634
44.8657800695037 -0.885781368794526
45.0109052374892 -0.884742524102419
45.1560304054747 -0.883671582628392
45.3011555734603 -0.882569425041464
45.3234782999862 -0.882397179069503
45.4686034679717 -0.881260062639313
45.6137286359567 -0.880093535841943
45.7588538039424 -0.878898396782279
45.9039789719279 -0.877675419215346
46.0491041399135 -0.876425353370301
46.1942293078991 -0.875148926743474
46.2165520344247 -0.874950296578819
46.3616772024106 -0.873644329726032
46.5068023703957 -0.872313495327557
46.6519275383814 -0.870958454052251
46.7970527063667 -0.869579846825756
46.9421778743524 -0.868178295482798
47.0873030423379 -0.866754403395551
47.1096257688637 -0.866533439559131
47.2547509368492 -0.865084496766547
47.3998761048347 -0.863614452893726
47.5450012728202 -0.862123856947274
47.6901264408057 -0.86061324184471
47.8352516087912 -0.859083124933523
47.8575743353167 -0.858846068489992
47.9803767767767 -0.857534008491463
48.0026995033022 -0.857294073231584
48.1478246712882 -0.855723639883193
48.2929498392734 -0.854135239880931
48.4380750072589 -0.852529331054779
48.5832001752444 -0.850906358058783
48.72832534323 -0.849266752786098
48.7506480697557 -0.849013104495129
48.8957732377412 -0.847354829142457
49.0408984057267 -0.845680810254962
49.1860235737122 -0.843991442037427
49.3311487416977 -0.842287107507322
49.4762739096833 -0.840568178840186
49.6213990776689 -0.838835017703164
49.6437218041942 -0.838567187515096
49.7888469721802 -0.836818040812536
49.9339721401657 -0.835055406413714
50.0790973081512 -0.833279614901813
50.2242224761364 -0.831490987618661
50.3693476441222 -0.829689836943406
50.5144728121077 -0.827876466561802
50.5367955386332 -0.827596473827642
50.6819207066187 -0.82576937048354
50.8270458746044 -0.823930673202524
50.9721710425899 -0.822080659916777
51.1172962105754 -0.820219600890193
51.262421378561 -0.818347758944382
51.2847441050867 -0.818058897242016
51.4075465465465 -0.816465389677114
51.4298692730717 -0.816174930924908
51.5749944410577 -0.814280723499029
51.7201196090432 -0.812376515711861
51.8652447770287 -0.810462541730127
52.0103699450142 -0.808539029329981
52.1554951129998 -0.806606200081095
52.1778178395257 -0.806308085020113
52.3229430075112 -0.804364773278752
52.4680681754962 -0.802412601659177
52.613193343482 -0.800451773296468
52.7583185114675 -0.79848248582223
52.9034436794532 -0.796504931520035
53.0485688474386 -0.794519297475973
53.0708915739642 -0.794213167767985
53.2160167419502 -0.79221843705305
53.3611419099352 -0.790216012572288
53.5062670779209 -0.788206065953328
53.6513922459062 -0.786188764202525
53.7965174138919 -0.784164269832541
53.9416425818774 -0.782132740986049
53.9639653084032 -0.781819642826196
54.1090904763887 -0.779780188435823
54.2542156443742 -0.777734025895854
54.3993408123597 -0.775681300334618
54.5444659803452 -0.773622152984598
54.6895911483307 -0.771556721287714
54.7119138748562 -0.771238473565953
54.8347163163163 -0.769485138997314
54.8570390428417 -0.769165956848394
55.0021642108277 -0.767087439410092
55.147289378813 -0.765003047392024
55.2924145467985 -0.762912903548624
55.437539714784 -0.760817127337521
55.5826648827696 -0.758715835006712
55.6049876092952 -0.758392138157142
55.7501127772807 -0.756284621599735
55.8952379452662 -0.754171828792321
56.0403631132517 -0.752053866401979
56.1854882812372 -0.749930838221064
56.3306134492229 -0.747802845241732
56.4757386172084 -0.745669985728314
56.4980613437338 -0.745341489828615
56.6431865117197 -0.743203133855963
56.7883116797052 -0.741060114055494
56.9334368476907 -0.738912520539031
57.078562015676 -0.736760440969208
57.2236871836617 -0.734603960621627
57.3688123516472 -0.732443162445156
57.3911350781727 -0.732110416837611
57.5362602461582 -0.729944736785178
57.681385414144 -0.727774909931415
57.8265105821295 -0.725601012263129
57.9716357501151 -0.723423117672997
58.1167609181005 -0.721241298011591
58.1390836446262 -0.720905353100617
58.2618860860861 -0.719055623137768
58.2842088126117 -0.718719091304104
58.4293339805972 -0.71652905248875
58.5744591485827 -0.71433530238844
58.7195843165682 -0.712137904895439
58.8647094845537 -0.709936922105135
59.0098346525393 -0.707732414359674
59.0321573790652 -0.707393014420974
59.1772825470507 -0.705184512267724
59.3224077150358 -0.702972609368034
59.4675328830215 -0.700757360806428
59.612658051007 -0.698538820082545
59.7577832189927 -0.696317039148795
59.9029083869782 -0.694092068446999
59.9252311135037 -0.693749550081667
60.0703562814897 -0.691520959722935
60.2154814494747 -0.689289283274426
60.3606066174605 -0.687054566642752
60.505731785446 -0.684816854365771
60.6508569534315 -0.682576189644307
60.795982121417 -0.680332614373071
60.8183048479427 -0.679987258550472
60.9634300159282 -0.677740375428406
61.1085551839137 -0.675490667694402
61.2536803518992 -0.673238173317168
61.3988055198848 -0.670982929078982
61.5439306878703 -0.668724970602632
61.5662534143958 -0.668377419425725
61.6890558558558 -0.666464332377474
61.7113785823813 -0.666116371999084
61.8565037503672 -0.663852683242962
62.0016289183525 -0.661586385291091
62.146754086338 -0.659317509221796
62.2918792543235 -0.657046085081333
62.4370044223091 -0.654772141906619
62.4593271488347 -0.654422148920294
62.6044523168202 -0.652145334032478
62.7495774848057 -0.649866059326007
62.8947026527912 -0.647584350796988
63.0398278207767 -0.645300233520443
63.1849529887625 -0.643013731670208
63.3300781567479 -0.640724868538179
63.3524008832733 -0.640372594246858
63.4975260512592 -0.638081034442588
63.6426512192447 -0.635787160615555
63.7877763872302 -0.633490993397193
63.9329015552157 -0.631192552612008
64.0780267232012 -0.628891857294458
64.2231518911868 -0.626588925705343
64.2454746177123 -0.626234498223326
64.3905997856978 -0.623929008087085
64.5357249536835 -0.621621318456786
64.680850121669 -0.619311445256161
64.8259752896546 -0.616999403699059
64.97110045764 -0.614685208303875
64.9934231841657 -0.614329055336757
65.1162256256256 -0.612368872907465
65.1385483521512 -0.612012391956779
65.2836735201367 -0.609693603711751
65.4287986881222 -0.607372703016479
65.5739238561077 -0.605049701646075
65.7190490240934 -0.602724610748479
65.8641741920789 -0.600397440856685
65.8864969186047 -0.60003929858223
66.0316220865902 -0.597709742212198
66.1767472545753 -0.595378127501212
66.321872422561 -0.593044463119514
66.4669975905465 -0.590708757169981
66.6121227585322 -0.588371017198796
66.7572479265177 -0.586031250205886
66.7795706530433 -0.585671174672633
66.9246958210292 -0.583329076865496
67.0698209890143 -0.580984965305375
67.214946157 -0.578638845334756
67.3600713249855 -0.576290721790455
67.505196492971 -0.573940599012708
67.6503216609565 -0.571588480854063
67.6726443874823 -0.571226508110941
67.8177695554677 -0.568872091809494
67.9628947234532 -0.566515686808969
68.1080198914387 -0.564157295479584
68.2531450594244 -0.561796919738489
68.3982702274098 -0.559434561057497
68.4205929539353 -0.559071014101749
68.5433953953954 -0.557070220470679
68.5657181219208 -0.556706368728252
68.7108432899067 -0.55433974210779
68.855968457892 -0.551971134356483
69.0010936258775 -0.549600545175336
69.1462187938631 -0.54722797385711
69.2913439618487 -0.544853419292892
69.3136666883743 -0.544487996212826
69.4587918563598 -0.542111151451758
69.6039170243453 -0.539732319722286
69.7490421923308 -0.537351498690267
69.8941673603163 -0.534968685645612
70.039292528302 -0.532583877508124
70.1844176962875 -0.530197070833078
70.2067404228128 -0.52982976166543
70.3518655907988 -0.52744064429468
70.4969907587842 -0.525049519754677
70.6421159267697 -0.522656383486336
70.7872410947552 -0.520261230587903
70.9323662627407 -0.517864055819882
71.0774914307263 -0.515464853609766
71.0998141572522 -0.515095635098407
71.2449393252373 -0.51269408623819
71.390064493223 -0.510290496824398
71.5351896612085 -0.507884860264143
71.6803148291941 -0.505477169650004
71.8254399971796 -0.50306741776417
71.8477627237053 -0.502696573427015
71.9705651651651 -0.500655597082453
71.9928878916908 -0.500284433842204
72.1380130596763 -0.497870216404409
72.2831382276618 -0.495453912942718
72.4282633956473 -0.49303551499183
72.5733885636329 -0.490615013795605
72.7185137316184 -0.488192400310534
72.7408364581443 -0.487819572997649
72.8859616261298 -0.485394510709812
73.0310867941148 -0.482967315694781
73.1762119621005 -0.48053797802436
73.321337130086 -0.478106487496361
73.4664622980717 -0.47567283363757
73.6115874660572 -0.473237005706613
73.6339101925828 -0.472862140196757
73.7790353605687 -0.470423790091032
73.9241605285538 -0.467983241880531
74.0692856965395 -0.465540483996118
74.214410864525 -0.463095504611588
74.3595360325105 -0.460648291646083
74.5046612004961 -0.458198832766479
74.5269839270218 -0.457821864108422
74.6721090950073 -0.455369798203805
74.8172342629928 -0.45291545897568
74.9623594309783 -0.450458833309944
75.1074845989639 -0.447999907849269
75.2526097669493 -0.445538668995058
75.2749324934748 -0.445159882307849
75.3977349349349 -0.443075102909342
75.4200576614603 -0.442695957011114
75.5651828294463 -0.440229688221396
75.7103079974315 -0.437761061591386
75.855433165417 -0.435290062539964
76.0005583334026 -0.432816676253899
76.1456835013882 -0.430340887689362
76.1680062279138 -0.429959855029445
76.3131313958993 -0.42748127568307
76.4582565638848 -0.425000260880425
76.6033817318703 -0.422516794860005
76.748506899856 -0.420030861635588
76.8936320678415 -0.417542444997459
77.038757235827 -0.415051528513593
77.0610799623523 -0.414668160175625
77.2062051303383 -0.412174338620543
77.3513302983238 -0.409677981078413
77.4964554663093 -0.40717907042327
77.6415806342948 -0.404677589311227
77.7867058022803 -0.402173520181335
77.9318309702658 -0.399666845256459
77.9541536967918 -0.399281043514266
78.0992788647768 -0.396771339608304
78.2444040327625 -0.39425899088809
78.389529200748 -0.391743978899682
78.5346543687336 -0.389226284975931
78.6797795367191 -0.386705890237095
78.7021022632448 -0.38631796965145
78.8249047047047 -0.384182775591347
78.8472274312303 -0.383794434929969
78.9923525992158 -0.381268158010278
79.1374777672013 -0.378739119345441
79.2826029351868 -0.376207299177892
79.4277281031724 -0.373672677539745
79.572853271158 -0.371135234253113
79.5951759976838 -0.370744680504846
79.7403011656693 -0.368203956205946
79.8854263336543 -0.365660366086987
80.03055150164 -0.363113889309235
80.1756766696258 -0.360564504824795
80.3208018376113 -0.358012191376562
80.4659270055968 -0.355456927498361
80.4882497321223 -0.355063621129216
80.6333749001083 -0.352504926048491
80.7785000680933 -0.349943233593267
80.923625236079 -0.347378521637581
81.0687504040645 -0.344810767846137
81.21387557205 -0.342239949673971
81.3590007400356 -0.339666044366348
81.3813234665613 -0.339269858414193
81.5264486345468 -0.336692362568554
81.6715738025323 -0.334111729864027
81.8166989705178 -0.331527936882248
81.9618241385034 -0.328940959993735
82.1069493064888 -0.326350775357425
82.1292720330143 -0.32595207459456
82.2520744744744 -0.323757358920212
82.2743972009998 -0.323358158903272
82.4195223689858 -0.320760983394107
82.5646475369711 -0.318160523555526
82.7097727049565 -0.315556754662284
82.8548978729422 -0.312949651774773
83.0000230409277 -0.310339189738377
83.0223457674533 -0.309937356446514
83.1674709354388 -0.307322987029015
83.3125961034243 -0.304705203550619
83.4577212714098 -0.302083980173905
83.6028464393955 -0.299459290843288
83.747971607381 -0.296831109284239
83.8930967753666 -0.294199409002347
83.9154195018923 -0.293794294660082
84.0605446698778 -0.291158501206527
84.2056698378633 -0.288519131214952
84.3507950058488 -0.285876157491323
84.4959201738343 -0.283229552617707
84.6410453418198 -0.280579288951217
84.7861705098054 -0.277925338622823
84.8084932363313 -0.277516786853307
84.9536184043163 -0.274858547865833
85.0987435723021 -0.272196561418375
85.2438687402876 -0.269530798921179
85.3889939082732 -0.266861231553395
85.5341190762586 -0.264187830261844
85.5564418027843 -0.263776273458825
85.6792442442442 -0.261510565759599
85.7015669707698 -0.261098412115048
85.8466921387553 -0.258416653476651
85.9918173067408 -0.25573096774865
86.1369424747263 -0.253041324897943
86.2820676427119 -0.250347694651797
86.4271928106975 -0.247650046496331
86.4495155372233 -0.247234743691941
86.5946407052088 -0.244532421371872
86.7397658731938 -0.241826014594821
86.8848910411796 -0.239115492076017
87.0300162091653 -0.236400822282873
87.1751413771508 -0.233681973433284
87.3202665451363 -0.230958913493782
87.3425892716618 -0.230539684683659
87.4877144396478 -0.227811725782775
87.6328396076328 -0.225079485935952
87.7779647756186 -0.222342932305288
87.9230899436041 -0.219602031794025
88.0682151115896 -0.216856751044506
88.2133402795751 -0.214107056436172
88.2356630061008 -0.213683712664534
88.3807881740863 -0.210928883149092
88.5259133420718 -0.208169566460009
88.6710385100573 -0.205405728134261
88.8161636780429 -0.202637333437351
88.9612888460284 -0.199864347361082
88.9836115725539 -0.199437405122497
89.106414014014 -0.19708673462134
89.1287367405394 -0.196659077574224
89.2738619085253 -0.193876082305287
89.4189870765106 -0.191088383429544
89.5641122444963 -0.188295944777673
89.7092374124817 -0.185498729894803
89.8543625804672 -0.182696702038028
89.8766853069928 -0.18226527290299
90.0218104749783 -0.179457645720139
90.1669356429638 -0.176645125436031
90.3120608109493 -0.173827674382998
90.4571859789351 -0.171005254594813
90.6023111469206 -0.168177827804051
90.7474363149061 -0.165345355439351
90.7697590414318 -0.164909222661793
90.9148842094173 -0.162070880300027
91.0600093774028 -0.159227408243528
91.2051345453883 -0.156378766944235
91.3502597133738 -0.153524916538514
91.4953848813593 -0.150665816844233
91.6405100493449 -0.147801427357729
91.6628327758708 -0.147360363386832
91.8079579438559 -0.144489819695713
91.9530831118416 -0.141613897868695
92.0982082798271 -0.138732556368119
92.2433334478127 -0.135845753321987
92.3884586157982 -0.132953446520701
92.4107813423238 -0.132508069294326
92.5335837837837 -0.130055593413792
92.5559065103093 -0.129609359273252
92.7010316782948 -0.126705053423226
92.8461568462803 -0.123795108448249
92.9912820142661 -0.120879480700839
93.1364071822514 -0.117958126178505
93.2815323502371 -0.115031000520224
93.3038550767628 -0.114580243694601
93.4489802447483 -0.111646403606948
93.5941054127334 -0.108706695603168
93.7392305807191 -0.105761074167662
93.8843557487048 -0.102809493411105
94.0294809166903 -0.099851907066541
94.1746060846758 -0.0968882684855158
94.1969288112014 -0.0964318702582126
94.3420539791873 -0.0934611900365468
94.4871791471724 -0.0904843557919974
94.6323043151581 -0.0875013196469009
94.7774294831436 -0.0845120333254715
94.9225546511291 -0.0815164481495482
95.0676798191147 -0.0785145150343427
95.0900025456403 -0.0780522000577266
95.2351277136258 -0.075042881054377
95.3802528816113 -0.0720271069908716
95.5253780495968 -0.0690048274716226
95.6705032175824 -0.0659759916762116
95.815628385568 -0.062940548354787
95.8379511120934 -0.0624730557624069
95.9607535535535 -0.0598984458234423
95.9830762800789 -0.059429924316739
96.1282014480648 -0.0563800734819116
96.2733266160501 -0.0533234506231334
96.4184517840358 -0.0502600026564965
96.5635769520212 -0.0471896760441338
96.7087021200068 -0.0441124167891967
96.7310248465324 -0.0436384631660802
96.8761500145179 -0.0405531372093944
97.0212751825034 -0.0374607607280976
97.1664003504889 -0.0343612782444062
97.3115255184746 -0.0312546338000706
97.4566506864601 -0.028140770951088
97.6017758544456 -0.0250196327622229
97.6240985809713 -0.0245388992112944
97.7692237489568 -0.0214092952168164
97.9143489169423 -0.018272291559965
98.0594740849278 -0.0151278297197889
98.2045992529133 -0.011975850660716
98.3497244208988 -0.00881629482669562
98.4948495888844 -0.00564910213524257
98.5171723154103 -0.0051612523333864
98.6622974833954 -0.00198517275398933
98.8074226513811 0.00119867490578262
98.9525478193666 0.00439035242836409
99.0976729873522 0.00758992214816705
99.2427981553378 0.0107974469579148
99.2651208818634 0.0112915289476729
99.3879233233233 0.0140129903151476
99.4102460498489 0.0145083113617404
99.5553712178344 0.0177331862520031
99.7004963858199 0.0209662183148677
99.8456215538056 0.0242074728325261
99.990746721791 0.0274570156797931
100.135871889777 0.0307149133311007
100.158194616302 0.0312167792234619
100.303319784288 0.034484400181196
100.448444952273 0.037760521186501
100.593570120259 0.0410452106515607
100.738695288244 0.0443385376180608
100.88382045623 0.0476405717647805
101.028945624215 0.0509513834150822
101.051268350741 0.051461426140319
101.196393518727 0.0547824536572036
101.341518686712 0.0581124123670583
101.486643854698 0.0614513746772543
101.631769022683 0.0647994136723937
101.776894190669 0.0681566031225757
101.922019358654 0.0715230174916106
101.94434208518 0.0720416528326988
102.089467253165 0.0754188045135037
102.234592421151 0.0788053438904103
102.379717589137 0.0822013476707056
102.524842757122 0.0856068932910155
102.669967925108 0.0890220589262533
102.692290651633 0.0895482283426026
102.815093093093 0.0924469234986378
102.837415819618 0.0929745918284739
102.982540987604 0.096410746253816
103.12766615559 0.099856772181647
103.272791323575 0.103312750951584
103.417916491561 0.106778764689464
103.563041659546 0.110254896316962
103.585364386072 0.110790487828881
103.730489554057 0.11427839773781
103.875614722043 0.117776606884132
104.020739890028 0.121285200764736
104.165865058014 0.124804265714221
104.310990226 0.128333888915302
104.456115393985 0.131874158409464
104.478438120511 0.132419662638434
104.623563288496 0.135972326539802
104.768688456482 0.139535829326637
104.913813624467 0.143110261819668
105.058938792453 0.146695715743932
105.204063960438 0.150292283740166
105.349189128424 0.153900059376363
105.37151185495 0.154455997370147
105.516637022935 0.158076822063022
105.661762190921 0.161709059128698
105.806887358906 0.165352805136967
105.952012526892 0.169008157634552
106.097137694877 0.172675215157542
106.119460421403 0.173240316173634
106.242262862863 0.176354077243977
106.264585589388 0.176921002900631
106.409710757374 0.180613610301367
106.554835925359 0.184318240115475
106.699961093345 0.188034995125305
106.84508626133 0.191763979169376
106.990211429316 0.195505297155794
107.012534155842 0.196081876917079
107.157659323827 0.199837557786553
107.302784491812 0.203605802248819
107.447909659798 0.207386718676098
107.593034827784 0.211180416568379
107.738159995769 0.21498700656797
107.883285163755 0.218806600474249
107.90560789028 0.219395280302324
108.050733058266 0.223230018786493
108.195858226252 0.227078005972778
108.340983394237 0.230939357408247
108.486108562223 0.234814189860297
108.631233730208 0.238702621332383
108.776358898194 0.242604771080078
108.798681624719 0.243206213276673
108.943806792705 0.247124341243981
109.08893196069 0.251056448670621
109.234057128676 0.25500265886817
109.379182296661 0.258963096469096
109.524307464647 0.262937887443764
109.546630191172 0.263550559889995
109.669432632633 0.266927159117882
109.691755359158 0.267542070328607
109.836880527144 0.271548210084271
109.982005695129 0.275569109461762
110.127130863115 0.27960490017739
110.2722560311 0.283655715377287
110.417381199086 0.287721689655996
110.439703925612 0.288348459701895
110.584829093597 0.292432093942876
110.729954261582 0.296531182162481
110.875079429568 0.300645863647207
111.020204597554 0.304776279211502
111.165329765539 0.308922571217495
111.310454933525 0.313084883595067
111.33277766005 0.313726549114504
111.477902828036 0.317907526986208
111.623027996021 0.322104840648142
111.768153164007 0.326318639108217
111.913278331992 0.33054907302776
112.058403499978 0.334796294742781
112.203528667964 0.339060458285494
112.225851394489 0.339717872670253
112.370976562474 0.344001777621481
112.51610173046 0.34830296202107
112.661226898446 0.352621585394236
112.806352066431 0.356957809054279
112.951477234417 0.361311796125352
112.973799960942 0.361983100392081
113.096602402402 0.365683711565368
113.118925128928 0.366357788277175
113.264050296913 0.37075059717135
113.409175464899 0.375161696061356
113.554300632885 0.379591255841537
113.69942580087 0.38403944933795
113.844550968856 0.388506451332444
113.866873695381 0.38919523271168
114.011998863367 0.393684156036017
114.157124031352 0.398192271063792
114.302249199338 0.40271975890543
114.447374367323 0.407266802729514
114.592499535309 0.411833587787989
114.737624703294 0.416420301441556
114.75994742982 0.417127596720798
114.905072597806 0.421737539922487
115.050197765791 0.426367822541926
115.195322933777 0.431018638758072
115.340448101762 0.435690184965536
115.485573269748 0.440382659800638
115.630698437733 0.445096264167683
115.653021164259 0.445823184843355
115.798146332244 0.450561421457808
115.94327150023 0.455321228142021
116.088396668216 0.460102813125749
116.233521836201 0.464906387016452
116.378647004187 0.469732162825877
116.400969730712 0.470476433323012
116.523772172172 0.474580355996537
116.546094898697 0.475328093940431
116.691220066683 0.48020242355543
116.836345234669 0.485099642936028
116.981470402654 0.490019975364565
117.12659557064 0.494963646663958
117.271720738625 0.499930885223933
117.294043465151 0.500697037251387
117.439168633136 0.505691755293645
117.584293801122 0.510710541345951
117.729418969107 0.515753632062562
117.874544137093 0.520821266771175
118.019669305079 0.525913687497836
118.164794473064 0.531031138991598
118.18711719959 0.531820527249922
118.332242367575 0.536967167373688
118.477367535561 0.542139374770537
118.622492703547 0.54733740293348
118.767617871532 0.552561508175625
118.912743039518 0.557811949652293
119.057868207503 0.563088989382024
119.080190934029 0.563903065236728
119.225316102014 0.56921112382504
119.37044127 0.574546354826142
119.515566437985 0.579909029418571
119.660691605971 0.585299421722895
119.805816773956 0.590717808818271
119.828139500482 0.59155375119961
119.950941941942 0.59616447075738
119.973264668467 0.597004787333597
120.118389836453 0.602484425153642
120.263515004438 0.607992951161941
120.408640172424 0.613530654872754
120.55376534041 0.619097828821116
120.698890508395 0.624694768570146
120.721213234921 0.625558333732725
