Period.day lnBF
1.1 -2.0646953992965
1.1 -2.0659856186126
1.11122324250452 -1.23455016574086
1.12267786609144 -1.69981337088666
1.13437110059934 -2.53077532565628
1.1463104802462 -2.19692296015652
1.15850385981784 1.53111500507368
1.17095943190081 -1.34757709765504
1.18368574523887 -1.7884507660324
1.19669172429981 -2.42105186456091
1.20608694794517 -0.659913215768928
1.20998669014641 -1.56881192666893
1.22358038271437 -0.154700013358284
1.23748298460896 1.9693150546233
1.25170514654261 -1.99579480121962
1.26625801454697 -2.52871521656578
1.28115325910566 -2.45152650364132
1.29640310636755 -1.80392747988805
1.31202037161622 -0.936435455833181
1.3224052054579 -1.83254070962035
1.32801849518798 -0.73757514949428
1.34441158105024 -0.422410592481388
1.3612144382728 -1.81513749516072
1.3784426256484 -2.63968480255943
1.3961124997452 -2.38058839099
1.41424126670305 -2.54583295994404
1.43284703811834 -2.53381488017374
1.4499415074523 -2.39637613742136
1.45194889139902 -1.73001302956383
1.47156693501255 -1.52599649295347
1.49172237909583 -0.00521213579606128
1.51243761194851 -1.57280567767204
1.53373628298942 -1.73910247609408
1.55564339282253 -2.62316290139367
1.57818539113347 -0.479592864355301
1.58977775220196 -1.9500969136258
1.60139028322256 -0.566823334765676
1.62528774607663 -0.604774117069941
1.64990925499098 -1.07558508813004
1.6752882218777 -2.56881142066444
1.70146014653806 -0.8223697672634
1.7284627823394 -0.383867663468582
1.74310017914945 -2.4860345243327
1.75633631792236 -1.00893175593201
1.78512357677786 -2.44388337934503
1.81487023677807 -0.577359269035999
1.84562507202853 -0.37545368743972
1.87744021973464 -1.58720456833381
1.91037147515412 -2.32508373809606
1.91120943184822 -1.36528818524694
1.94447861814529 -2.05020582399296
1.97982577533177 -2.03223890959839
2.01648182249961 -2.38699120244707
2.05452083253939 -2.37445718560256
2.09402257506321 0.823197704428007
2.09553159140167 -2.24233801945576
2.13507307478755 -1.35448350487136
2.17776523690746 -2.37660124302751
2.22219954903021 -1.98641104939501
2.26848487083072 -2.13879414083346
2.29763027399666 -1.54629751150276
2.31673932449072 -2.53815712813536
2.36709130125465 -2.0598525923374
2.41968060216052 -0.692308016384278
2.47465973428654 -0.380052238658682
2.5192198951555 1.77226276135763
2.53219538782351 -2.25084147351801
2.5924701241029 -1.39624749275594
2.65568431058777 -2.50157666347818
2.72205834603336 0.774132079513957
2.76218021322804 0.228378754611878
2.79183522788451 1.3531509305571
2.86528352493547 -0.989863675861816
2.94270083190072 -1.93989149218269
3.02441779957358 -2.2832666064479
3.02857227549704 -2.08099676519005
3.11080285565418 -2.37758079636696
3.20226775839787 1.3439817033967
3.29927415968487 -2.64268058189105
3.32065590216871 -2.24591561699851
3.40234139824672 -2.25493461366721
3.51205580072938 -0.909664367776987
3.6290818422939 -1.37050654068682
3.64090885656616 -2.15808983711967
3.75417561544004 -1.88014952596192
3.88820118388407 -2.48388033599186
3.99204786414765 -2.21179891611671
4.03215056916638 -1.61110561597954
4.18716834762187 -1.82198742565437
4.3545821480526 -1.84382951395823
4.37705165865534 4.2281548612023
4.53594077036019 -2.48973928552265
4.73306224346282 -2.3099237035676
4.79918625089633 -1.55655629927566
4.94809498343138 -2.61530812164871
5.18359641632134 -1.46883001826287
5.2620326345127 -1.72250995942988
5.44263517501646 -1.96383735153221
5.72892555027146 0.523794756629637
5.76951716377027 -1.29553706879462
6.04700673166783 -1.16139402581631
6.32594486106269 -2.57718488476455
6.4024852695805 -0.911037250119311
6.80236839853259 -1.51130061004021
6.93603593668047 -1.78957831156739
7.25553059315462 -2.22264500100218
7.60496583064451 -1.76403040137901
7.77337992126688 -1.24853650422387
8.33840911628122 -2.2345823026981
8.3708316870954 1.15403673934504
9.06776845465742 -1.36129571489184
9.14258763797617 -2.34464888739946
9.89129565981937 -1.32654351405362
10.0243232914617 -2.26061016209521
10.8793491172143 -1.74188828703138
10.9910958943771 -2.05684249334935
12.0511066380199 -2.3919636671394
12.0867046249126 -1.73474260526537
13.2133476585556 -0.882627794092759
13.5954886448332 -2.25618545193304
14.4876783178598 1.608091020629
15.5346841423542 -2.33476086024138
15.88490884109 -0.598670845717113
17.4168920204886 2.01024395249201
18.1191069226968 -1.88259309051593
19.096623763347 -2.64952704963116
20.9383533370839 -0.600287767815548
21.7350519126447 -0.496324468548398
22.9577042466555 -2.63363087016399
25.171806769706 -2.31559649168607
27.1540600182025 -1.74268572045841
27.5994432737639 -1.70792801741671
30.2612075482179 -0.37653160055233
33.1796795026959 -1.02830193969851
36.1726721938776 -2.25795872812947
36.3796167138231 -1.39451614161398
39.8881644452636 -1.08927699201222
43.7350859226572 -1.34299129785167
47.9530148168886 -1.22850308885802
52.5777320775187 -2.56054917956411
54.161050794014 -2.16124854097373
57.6484694647758 -1.13691792980022
63.2082423549834 -2.65985695312081
69.3042146426368 -0.737553784786105
75.9880988346134 -2.16391330917313
83.3165947305407 -2.14359795257156
91.3518704106749 -2.38891689985454
100.162089611539 -1.88186751839902
107.738578127783 -1.7733571791039
109.821989963084 -1.26115026177518
120.413516992583 -2.49942588308713
132.026519273571 -2.5740290362687
144.759510616804 -2.44985008180517
158.720505768962 -0.217244571173371
174.027936708364 -1.21289671426925
190.811657310715 -0.420737185240317
209.21404490749 -2.5952581387118
229.391208081581 -1.20428272678997
251.514310945971 -1.62438333086023
275.771025139417 -2.56474982740923
302.367121856464 -2.52179291217653
331.528217417116 -3.08428207986309
363.50168718392 -3.69107190777574
398.55876406234 -1.08509265552728
436.996839386133 -2.56482969075795
479.141985706278 -3.58058594048098
525.35172288443 -3.50570045769989
576.018050955835 -2.95843908729821
631.57077548968 -3.32791809364453
692.481153656102 -3.29625110210299
759.265891929671 -2.0039202509235
832.491529342112 -3.47447124195891
912.779243467667 -3.7600171978333
1000.81011991056 -3.83598674745071
1097.33092999597 -3.85785519609359
1203.16046567698 -3.80195104262674
1319.19648539694 -3.73901612636158
1446.42332982945 -3.79950324020159
1585.92027210062 -3.86727315956508
1738.87067332928 -3.66450847815262
1906.57202115189 -2.98216517118661
2090.44693638976 -1.96813529396973
2292.05524122878 -1.16355544993934
2513.10719128667 -0.819922412668778
2755.47798381637 -0.784259198846233
3021.22366511927 -0.874902360552899
3312.59857211219 -0.998289929117622
3632.07445600575 -1.11816122061326
3982.36145032143 -1.22323210687759
4366.43106112062 -1.31167115356776
4787.54137447268 -1.3848505668758
5249.26469499908 -1.44498580393088
5755.51784995251 -1.49429206625789
6310.59541590288 -1.53471849418287
6919.20614989371 -1.56789726312582
7586.51293411704 -1.59516439472275
8318.1765729598 -1.61760742825002
9120.40381395462 -1.63610583193725
10000 -1.65137313810965
