Period.day lnBF
1.1 -5.0599141076011
1.1 -5.05991410760133
1.11122324250452 -4.46934559020529
1.12267786609144 -4.88004024704911
1.13437110059934 -5.20638324297782
1.1463104802462 -5.14128436093209
1.15850385981784 -3.36471261862503
1.17095943190081 -4.7146577463336
1.18368574523887 -5.43752390078133
1.19669172429981 -3.55868714420272
1.20608694794517 -2.61593596694227
1.20998669014641 -3.13756998582015
1.22358038271437 -5.55532410582928
1.23748298460896 -4.61034703710651
1.25170514654261 -3.42297193322803
1.26625801454697 -5.35070115231882
1.28115325910566 -3.43301045278086
1.29640310636755 -3.85939417340454
1.31202037161622 -4.81028137946519
1.3224052054579 -3.63391551423454
1.32801849518798 -0.954125449148917
1.34441158105024 -1.93070795886909
1.3612144382728 0.288285994975029
1.3784426256484 -3.33450900294154
1.3961124997452 2.05895137683594
1.41424126670305 0.463259641405914
1.43284703811834 -3.84890462512474
1.4499415074523 -2.2711828776206
1.45194889139902 -2.07957948197018
1.47156693501255 -5.28949263260254
1.49172237909583 -2.02619596684995
1.51243761194851 -5.61085359078787
1.53373628298942 -3.84686284984114
1.55564339282253 10.6510720740291
1.57818539113347 0.0417468539499328
1.58977775220196 -3.77148702583291
1.60139028322256 -3.07779507199312
1.62984772081663 17.8640863514414
1.64990925499098 8.43089102130877
1.6752882218777 -4.69501992884203
1.70146014653806 -1.58469373425053
1.7284627823394 1.25871380307025
1.74310017914945 -4.53976542472331
1.75633631792236 -5.40435037055111
1.78512357677786 -4.41453218106504
1.81487023677807 -5.33547010129983
1.84562507202853 -4.31674011505321
1.87744021973464 -1.3179835917217
1.91037147515412 -5.56661087705957
1.91120943184822 -5.51874286703922
1.94447861814529 -3.11647819438552
1.97982577533177 -4.1840321155082
2.01648182249961 -4.01782519411357
2.05452083253939 -3.61246690673282
2.09402257506321 -5.5050885833633
2.09553159140167 -5.56729390493011
2.13507307478755 -2.12162445668092
2.17776523690746 -4.50403331721485
2.22219954903021 -5.46390970844844
2.26848487083072 -4.75006294357602
2.29763027399666 -4.50945778453602
2.31673932449072 -5.34997806425052
2.36709130125465 0.145603447780802
2.41968060216052 -1.39283136094956
2.47465973428654 -4.71314748324242
2.5192198951555 1.8471471681619
2.53219538782351 6.41646408472765
2.5924701241029 14.3733557506627
2.65568431058777 -1.9419715775815
2.72205834603336 -0.905352275719094
2.76218021322804 7.31771685248988
2.79183522788451 10.1541018310136
2.86528352493547 -2.88457832875575
2.94270083190072 -5.46849804517863
3.02441779957358 -2.3897312399706
3.02857227549704 -2.22948177139084
3.11080285565418 -5.22004156122646
3.20226775839787 -2.70440066935337
3.29927415968487 -3.62401385507597
3.32065590216871 -2.09438403372665
3.40234139824672 0.801695311568681
3.51205580072938 0.342175506438723
3.6290818422939 -2.75368977997458
3.64090885656616 -3.28075908026129
3.75417561544004 -0.257253207778701
3.88820118388407 -2.58079955492233
3.99204786414765 -1.13573204647763
4.03215056916638 -1.5109178684438
4.18716834762187 -4.68052382868653
4.3545821480526 -4.05366335847508
4.37705165865534 -4.40926757471332
4.53594077036019 -4.21422978399833
4.73306224346282 -4.93925407760251
4.79918625089633 -4.84733915094237
4.94809498343138 -3.84285745734551
5.18359641632134 -4.99200172625159
5.2620326345127 -4.94313747766692
5.44263517501646 -5.38724065441828
5.72892555027146 -3.88079372254718
5.76951716377027 -3.57418671955894
6.04700673166783 -3.99653016306159
6.32594486106269 -5.26498740023827
6.4024852695805 -5.4360870351886
6.80236839853259 -5.29515029585262
6.93603593668047 -4.75950608867582
7.25553059315462 -4.25524937505757
7.60496583064451 -4.62947670397794
7.77337992126688 -5.11673894678039
8.33840911628122 -5.60785593130673
8.3708316870954 -5.58098193116744
9.06776845465742 -5.4628114974265
9.14258763797617 -5.41965891273831
9.89129565981937 -4.790109098814
10.0243232914617 -4.89892613811365
10.8793491172143 -5.61287374801837
10.9910958943771 -5.50411256432606
12.0511066380199 -4.46205707151362
12.0867046249126 -4.49904293870121
13.2133476585556 -5.63197376166486
13.5954886448332 -5.60506636672424
14.4876783178598 -5.33487849484696
15.5346841423542 -5.63865627102267
15.88490884109 -5.69043941928918
17.4168920204886 -3.95475989434259
18.1191069226968 -2.72056315245434
19.096623763347 -1.35930540545915
20.9383533370839 -1.4601259363868
21.7350519126447 -2.29219453175663
22.9577042466555 -3.87730721157071
25.171806769706 -5.50922008963333
27.1540600182025 -5.61787719742516
27.5994432737639 -5.58448930356938
30.2612075482179 -5.61000414352814
33.1796795026959 -5.14495463540787
36.1726721938776 -3.07968371355149
36.3796167138231 -2.95777901422319
39.8881644452636 -1.71419831946763
43.7350859226572 -1.35243217545006
47.9530148168886 -1.28604666125407
52.5777320775187 -1.28685366109504
54.161050794014 -1.28997321210896
57.6484694647758 -1.29703370605169
63.2082423549834 -1.30665039741494
69.3042146426368 -1.31496849962399
75.9880988346134 -1.32228866373519
83.3165947305407 -1.32880369921803
91.3518704106749 -1.33459300645869
100.162089611539 -1.33969803812884
107.738578127783 -1.34328168511284
109.821989963084 -1.3441586639543
120.413516992583 -1.34802391330048
132.026519273571 -1.35134561396965
144.759510616804 -1.35418585012267
158.720505768962 -1.35660015987217
174.027936708364 -1.35864670445265
190.811657310715 -1.3603721823831
209.21404490749 -1.36182520867167
229.391208081581 -1.36304610483158
251.514310945971 -1.36407155854441
275.771025139417 -1.36492852343802
302.367121856464 -1.36564538877313
331.528217417116 -1.3662444703384
363.50168718392 -1.36674471714251
398.55876406234 -1.36716215773275
436.996839386133 -1.36751030872015
479.141985706278 -1.36780054027404
525.35172288443 -1.36804239783622
576.018050955835 -1.36824388191245
631.57077548968 -1.36841168920829
692.481153656102 -1.36855141899933
759.265891929671 -1.36866774879068
832.491529342112 -1.36876458318521
912.779243467667 -1.36884517962265
1000.81011991056 -1.36891225427858
1097.33092999597 -1.36896807107312
1203.16046567698 -1.36901451631421
1319.19648539694 -1.36905514040778
1446.42332982945 -46.3431151196173
1585.92027210062 -46.6491141908251
1738.87067332928 -46.6490549170687
1906.57202115189 -46.6490056219413
2090.44693638976 -46.6489646241861
2292.05524122878 -46.6491878362789
2513.10719128667 -46.6495544015861
2755.47798381637 -46.6497738377794
3021.22366511927 -46.6500689629109
3312.59857211219 -46.650074759241
3632.07445600575 -46.6500882232688
3982.36145032143 -46.6500792664971
4366.43106112062 -46.6500714935832
4787.54137447268 -46.6503040710074
5249.26469499908 -46.6506033214939
5755.51784995251 -46.650600695508
6310.59541590288 -46.6505962003126
6919.20614989371 -46.6505924612344
7586.51293411704 -46.6506807189925
8318.1765729598 -46.6506781317383
9120.40381395462 -46.6506793464998
10000 -46.6506776702705
