Period.day lnBF
1.1 -4.58900280782016
1.1 -4.5890028078205
1.11122324250452 -1.62260784908697
1.12267786609144 2.0793892375075
1.13437110059934 -4.95899884874153
1.1463104802462 -5.46258007659615
1.15850385981784 -1.02565761613333
1.17095943190081 -4.14811308818331
1.18368574523887 -5.25413816373451
1.19669172429981 -4.89378238337882
1.20608694794517 -3.25857172156405
1.20998669014641 -3.69677502218779
1.22358038271437 -4.57887122424823
1.23748298460896 -5.3607716363018
1.25170514654261 -3.5979400176469
1.26625801454697 -4.99264784257205
1.28115325910566 -2.8364819761416
1.29640310636755 -4.4969236297179
1.31202037161622 -4.10453535975283
1.3224052054579 -3.47203069236057
1.32801849518798 -1.22187033065152
1.34441158105024 -4.03214718534717
1.3612144382728 -1.63423664645789
1.3784426256484 -2.60394878926784
1.3961124997452 -1.07118605822335
1.41424126670305 -3.85504903482329
1.43284703811834 -4.13585803197644
1.4499415074523 -3.04238458390908
1.45194889139902 -3.05166873108747
1.47156693501255 -5.64373759458316
1.49172237909583 -3.25157278373773
1.51243761194851 -5.62612026060923
1.53373628298942 -4.734910531762
1.55564339282253 3.19154012253877
1.57818539113347 -0.882287161817414
1.58977775220196 -3.61541387306327
1.60139028322256 -3.57251626535093
1.62528774607663 3.35350906651344
1.64990925499098 1.46170020860122
1.6752882218777 -4.41677391382846
1.70146014653806 -3.38483811164745
1.7284627823394 -3.09418385423053
1.74310017914945 -5.23820555081771
1.75633631792236 -5.6280958960135
1.78512357677786 -5.06094617374934
1.81487023677807 -5.67802520587928
1.84562507202853 -4.93055555578199
1.87744021973464 -3.7022608566259
1.91037147515412 -5.66875831036712
1.91120943184822 -5.67553730555117
1.94447861814529 -4.9212964311066
1.97982577533177 -5.01259178909866
2.01648182249961 -5.1196952311884
2.05452083253939 -4.89142742004559
2.09402257506321 -5.68846043619179
2.09553159140167 -5.68868510056642
2.13507307478755 -4.25561044548748
2.17776523690746 -4.81787998882508
2.22219954903021 -5.68635044241226
2.26848487083072 -5.11276932337499
2.29763027399666 -5.16051629930551
2.31673932449072 -5.5010568878249
2.36709130125465 -3.77353695621319
2.41968060216052 -2.98503390844892
2.47465973428654 -4.41236968391432
2.5192198951555 -1.54245906353411
2.53219538782351 0.28579106196675
2.5924701241029 3.74550938224196
2.65568431058777 -3.01662078452271
2.72205834603336 -2.0538365966638
2.76218021322804 2.88605324556024
2.79183522788451 4.28773512896545
2.86528352493547 -4.17372224038398
2.94270083190072 -5.65040124792936
3.02441779957358 -3.50029742095681
3.02857227549704 -3.37157656497787
3.11080285565418 -5.4156152983047
3.20226775839787 -3.06803779117977
3.29927415968487 -4.15938604747087
3.32065590216871 -3.79674249948412
3.40234139824672 -3.40749466653959
3.51205580072938 -1.87607505080267
3.6290818422939 -1.92829902172501
3.64090885656616 -2.37888971985113
3.75417561544004 -1.63940854212352
3.88820118388407 -4.20031214424215
3.99204786414765 -0.876785439749012
4.03215056916638 -0.913445808835133
4.18716834762187 -4.29309894722915
4.3545821480526 -3.83351056883212
4.37705165865534 -4.44192806800832
4.53594077036019 -3.26578331417146
4.73306224346282 -4.58445937656766
4.79918625089633 -5.09959452462372
4.94809498343138 -3.43993203401474
5.18359641632134 -5.43729573536505
5.2620326345127 -4.73818076937958
5.44263517501646 -4.18101992040236
5.72892555027146 -4.08327845702523
5.76951716377027 -3.6223680575972
6.04700673166783 -4.46692966894135
6.32594486106269 -5.27884966648115
6.4024852695805 -5.15953964394349
6.80236839853259 -4.9813125927153
6.93603593668047 -3.18497327135559
7.25553059315462 -0.936476632882188
7.60496583064451 -3.97624493264469
7.77337992126688 -5.22802587222257
8.33840911628122 -5.19332903092241
8.3708316870954 -5.11591654935545
9.06776845465742 1.21759893266155
9.14258763797617 1.94739001600091
9.89129565981937 -0.583688663182086
10.0243232914617 -2.10562301790138
10.8793491172143 -5.18320062129861
10.9910958943771 -4.68277468904067
12.0511066380199 0.527913026280787
12.0867046249126 0.625175572894152
13.2294884683686 4.74224050637271
13.5954886448332 4.23589581583771
14.4876783178598 -0.443817017085946
15.5346841423542 -5.18372263007642
15.88490884109 -5.52618313239985
17.4168920204886 -1.41688809688672
18.1191069226968 0.640876893041666
19.096623763347 2.1219045518957
20.9383533370839 2.38235381218
21.7350519126447 1.94587654118108
22.9577042466555 0.730321922493561
25.171806769706 -0.413121755540699
27.1540600182025 -0.157389801541042
27.5994432737639 -0.434953835887184
30.2612075482179 -4.3869735840734
33.1796795026959 -4.55292410390062
36.1726721938776 -0.817929545612726
36.3796167138231 -0.631273262589259
39.8881644452636 0.747011991888614
43.7350859226572 0.792113356704265
47.9530148168886 0.810890462565242
52.5777320775187 0.91621531981288
54.161050794014 0.954137407267028
57.6484694647758 1.02778768668806
63.2082423549834 1.11190053088389
69.3042146426368 1.16723418543701
75.9880988346134 1.20107958810788
83.3165947305407 1.22063450353382
91.3518704106749 1.23117385776745
100.162089611539 1.23620344117809
107.738578127783 1.23779031303424
109.821989963084 1.23796499078982
120.413516992583 1.23784765029258
132.026519273571 1.23671941828924
144.759510616804 1.23510079088591
158.720505768962 1.23330385688918
174.027936708364 1.23150889478497
190.811657310715 1.22981463088083
209.21404490749 1.22826982286917
229.391208081581 1.22689314106596
251.514310945971 1.2256854113099
275.771025139417 1.22463966004126
302.367121856464 1.22374003739437
331.528217417116 1.22297257680204
363.50168718392 1.22231990518402
398.55876406234 1.22176850856933
436.996839386133 1.22130325777722
479.141985706278 1.22091121426389
525.35172288443 1.22058281694219
576.018050955835 1.22030749883301
631.57077548968 1.22007700085398
692.481153656102 1.21988424502139
759.265891929671 1.219723200785
832.491529342112 1.21958875345116
912.779243467667 1.21947634912648
1000.81011991056 1.21938287945001
1097.33092999597 1.21930496872246
1203.16046567698 1.21923964172756
1319.19648539694 1.2191855256058
1446.42332982945 1.21914045766904
1585.92027210062 1.2191029325867
1738.87067332928 1.21907169310204
1906.57202115189 1.21903854659969
2090.44693638976 1.21901486867934
2292.05524122878 1.21899187813541
2513.10719128667 1.21890078360845
2755.47798381637 1.2185136328326
3021.22366511927 1.21675187200596
3312.59857211219 -51.0145787281775
3632.07445600575 -61.5478843780886
3982.36145032143 -62.3226049508429
4366.43106112062 -62.3278184386343
4787.54137447268 -62.4278617928949
5249.26469499908 -62.454273965438
5755.51784995251 -62.4969881002302
6310.59541590288 -62.5434917856473
6919.20614989371 -62.5991570435353
7586.51293411704 -62.6930979077864
8318.1765729598 -62.7719365390035
9120.40381395462 -62.9023615692536
10000 -63.0488679580225
