tsim RVsim
0 -0.969997730164798
0.066949699700039 -0.957551239470309
0.133899399400078 -0.923602258577695
0.200849099100117 -0.865665881673761
0.267798798800156 -0.779191861388066
0.334748498500195 -0.656633583149834
0.401698198200234 -0.485702247388431
0.468647897900273 -0.246096003819179
0.535597597600312 0.096634054892051
0.602547297300351 0.601649870249605
0.66949699700039 1.36078515046647
0.73644669670043 2.41399748812921
0.803396396400468 3.20278319547317
0.870346096100508 2.6724379926033
0.937295795800547 1.58852547762992
1.00424549550059 0.754749243002775
1.07119519520062 0.198180471671398
1.13814489490066 -0.176980307287252
1.2050945946007 -0.437644056815424
1.27204429430074 -0.623018873076033
1.33899399400078 -0.756077169028048
1.40594369370082 -0.850641807745546
1.47289339340086 -0.915189826583015
1.5398430931009 -0.954878482855555
1.60679279280094 -0.972629120933009
1.67374249250098 -0.969683083266588
1.74069219220102 -0.945824083112467
1.80764189190105 -0.89934007558685
1.87459159160109 -0.826712323352973
1.94154129130113 -0.721928009469913
2.00849099100117 -0.575169836789454
2.07544069070121 -0.370368151628439
2.14239039040125 -0.0805971382659604
2.20934009010129 0.340354761788106
2.27628978980133 0.969831074090079
2.34323948950137 1.89936205417621
2.41018918920141 2.95419705707854
2.47713888890144 3.06997723481535
2.54408858860148 2.07196916725182
2.61103828830152 1.09421636690126
2.67798798800156 0.42229883533344
2.7449376877016 -0.0258066484622066
2.81188738740164 -0.332871490325938
2.87883708710168 -0.549238877332485
2.94578678680172 -0.704195170029752
3.01273648650176 -0.815142082499035
3.0796861862018 -0.892681294555834
3.14663588590183 -0.943317848184585
3.21358558560187 -0.970906388744669
3.28053528530191 -0.977415604634818
3.34748498500195 -0.963288919869107
3.41443468470199 -0.927522795836286
3.48138438440203 -0.867487956358242
3.54833408410207 -0.778435175233605
3.61528378380211 -0.652514898395899
3.68223348350215 -0.476941420865154
3.74918318320219 -0.230550944681038
3.81613288290223 0.122642196012741
3.88308258260226 0.644348947239618
3.9500322823023 1.42820072912713
4.01698198200234 2.49554715361464
4.08393168170238 3.20559275669903
4.15088138140242 2.57933282761582
4.21783108110246 1.50160578687238
4.2847807808025 0.693318569716914
4.35173048050254 0.15469625563295
4.41868018020258 -0.209214379208727
4.48562987990262 -0.462638327960759
4.55257957960265 -0.643102954066189
4.61952927930269 -0.772636981009486
4.68647897900273 -0.864522979474945
4.75342867870277 -0.926911886319032
4.82037837840281 -0.964749570146618
4.88732807810285 -0.980806704394447
4.95427777780289 -0.976202639978048
5.02122747750293 -0.950605327694283
5.08817717720297 -0.90217273998227
5.15512687690301 -0.827216874632869
5.22207657660305 -0.719477820565316
5.28902627630308 -0.568745649137462
5.35597597600312 -0.358285367149149
5.42292567570316 -0.0599933251933573
5.4898753754032 0.374409645957564
5.55682507510324 1.02506168654436
5.62377477480328 1.97945697438977
5.69072447450332 3.00927036828205
5.75767417420336 3.00668779674467
5.8246238739034 1.97537265098264
5.89157357360344 1.02166670396034
5.95852327330347 0.371581214523524
6.02547297300351 -0.0625745300681983
6.09242267270355 -0.360825125924358
6.15937237240359 -0.571363498873755
6.22632207210363 -0.722244038634769
6.29327177180367 -0.83017394153732
6.36022147150371 -0.905346767398173
6.42717117120375 -0.954012154828385
6.49412087090379 -0.979851095497951
6.56107057060383 -0.984700260524958
6.62802027030386 -0.968886958419447
6.6949699700039 -0.931286874977165
6.76191966970394 -0.869123241069109
6.82886936940398 -0.77744167251519
6.89581906910402 -0.648078137575956
6.96276876880406 -0.467728422251581
7.0297184685041 -0.214326061813751
7.09666816820414 0.149723558697215
7.16361786790418 0.688754042962083
7.23056756760422 1.49776469926734
7.29751726730426 2.57552280703741
7.36446696700429 3.19770624131053
7.43141666670433 2.4839444653998
7.49836636640437 1.41679470772754
7.56531606610441 0.633650083118196
7.63226576580445 0.112325281738029
7.69921546550449 -0.240745299373533
7.76616516520453 -0.487166870828999
7.83311486490457 -0.662860852992838
7.90006456460461 -0.788955008357774
7.96701426430465 -0.878214303913415
8.03396396400469 -0.938475682136697
8.10091366370472 -0.974480112616283
8.16786336340476 -0.988850907318932
8.2348130631048 -0.98258669054856
8.30176276280484 -0.955239279888502
8.36871246250488 -0.904834540447336
8.43566216220492 -0.827510624094458
8.50261186190496 -0.716751853112662
8.569561561605 -0.561939501573073
8.63651126130504 -0.345642782200872
8.70346096100508 -0.0385237122432218
8.77041066070511 0.409850677113563
8.83736036040515 1.0823625318213
8.90431006010519 2.06076281520199
8.97125975980523 3.05690374508513
9.03820945950527 2.93599525731556
9.10515915920531 1.87999891675941
9.17210885890535 0.951185506577237
9.23905855860539 0.322247601204135
9.30600825830543 -0.0984779216262731
9.37295795800547 -0.388219717054196
9.4399076577055 -0.593106605774929
9.50685735740554 -0.740017398682528
9.57380705710558 -0.844995165176996
9.64075675680562 -0.917841477474134
9.70770645650566 -0.964559225553443
9.7746561562057 -0.98866031833606
9.84160585590574 -0.991851527757497
9.90855555560578 -0.974344412272259
9.97550525530582 -0.934892611406637
10.0424549550059 -0.87056854550711
10.1094046547059 -0.776206169174076
10.1763543544059 -0.643314842034914
10.243304054106 -0.458049104882856
10.310253753806 -0.197397010172416
10.3772034535061 0.177919904794539
10.4441531532061 0.734923718667328
10.5111028529061 1.56943508325269
10.5780525526062 2.6531835299437
10.6450022523062 3.17912774948598
10.7119519520062 2.38701079839166
10.7789016517063 1.3341332449518
10.8458513514063 0.575685222030552
10.9128010511064 0.0710258574575061
10.9797507508064 -0.271597368580765
11.0467004505064 -0.511243807418858
11.1136501502065 -0.68230101459201
11.1805998499065 -0.805036426892216
11.2475495496066 -0.891718966158583
11.3144992493066 -0.949883095060641
11.3814489490066 -0.984071050375507
11.4483986487067 -0.996761897356092
11.5153483484067 -0.988834659243579
11.5822980481068 -0.959724519491234
11.6492477478068 -0.907322948590674
11.7161974475068 -0.827589418858466
11.7831471472069 -0.713743368061398
11.8500968469069 -0.55474026794506
11.9170465466069 -0.332421482758099
11.983996246307 -0.0161555296390317
12.050945946007 0.446730983374137
12.1178956457071 1.14177330797646
12.1848453454071 2.14295783932506
12.2517950451071 3.09623024645786
12.3187447448072 2.8588221070538
12.3856944445072 1.78610853446652
12.4526441442073 0.882726640020743
12.5195938439073 0.274246525948739
12.5865435436073 -0.133548127912362
12.6534932433074 -0.41507333449809
12.7204429430074 -0.614478854716256
12.7873926427075 -0.757521718560033
12.8543423424075 -0.859609741159543
12.9212920421075 -0.930167844805281
12.9882417418076 -0.974960402262566
13.0551914415076 -0.997334568660137
13.1221411412077 -0.998869176775249
13.1890908409077 -0.979660271056825
13.2560405406077 -0.938338032044296
13.3229902403078 -0.871820549893043
13.3899399400078 -0.774723275429837
13.4568896397078 -0.638216204759787
13.5238393394079 -0.447888703837265
13.5907890391079 -0.179738337039355
13.657738738808 0.207274705451797
13.724688438508 0.782916256405278
13.791638138208 1.64314380814238
13.8585878379081 2.72771808358201
13.9255375376081 3.150060058071
13.9924872373082 2.28919351456374
14.0594369370082 1.25364073775026
14.1263866367082 0.519365669092854
14.1933363364083 0.0307579679017298
14.2602860361083 -0.301793830973066
14.3272357358084 -0.53488267121601
14.3941854355084 -0.701431550987906
14.4611351352084 -0.820886215071641
14.5280848349085 -0.905040026332678
14.5950345346085 -0.961135920018148
14.6619842343085 -0.993523257124622
14.7289339340086 -1.00453978286913
14.7958836337086 -0.994945907870829
14.8628333334087 -0.964059549374417
14.9297830331087 -0.90963532858957
14.9967327328087 -0.827448941231827
15.0636824325088 -0.710445354812536
15.1306321322088 -0.547136349248037
15.1975818319089 -0.318601704570448
15.2645315316089 0.00714545437543393
15.3314812313089 0.485105175503859
15.398430931009 1.20332566190077
15.465380630709 2.22565527836615
15.5323303304091 3.12647091204577
15.5992800301091 2.77611141676258
15.6662297298091 1.69390980620108
15.7331794295092 0.816239352868069
15.8001291292092 0.227528187531029
15.8670788289093 -0.16781510134841
15.9340285286093 -0.441403277258333
16.0009782283093 -0.635490472070827
16.0679279280094 -0.774763217563544
16.1348776277094 -0.874021504438025
16.2018273274094 -0.942328188454023
16.2687770271095 -0.985216953232592
16.3357267268095 -1.00587429664499
16.4026764265096 -1.0057529182892
16.4696261262096 -0.984833455730147
16.5365758259096 -0.941621072899094
16.6035255256097 -0.872875800415021
16.6704752253097 -0.772987387324172
16.7374249250098 -0.632773054434251
16.8043746247098 -0.437231805877162
16.8713243244098 -0.161323431514821
16.9382740241099 0.237833161429381
17.0052237238099 0.832789033710743
17.07217342351 1.71879191878691
17.13912312321 2.79825511269879
17.20607282291 3.11089424853762
17.2730225226101 2.19107625662656
17.3399722223101 1.17531859661691
17.4069219220102 0.464633750011227
17.4738716217102 -0.00851676233435643
17.5408213214102 -0.331356921425062
17.6077710211103 -0.558096434344204
17.6747207208103 -0.720260256044727
17.7416704205103 -0.836509161625615
17.8086201202104 -0.918180423695738
17.8755698199104 -0.972235868011357
17.9425195196105 -1.0028375411397
18.0094692193105 -1.01218461305375
18.0764189190105 -1.00091973506899
18.1433686187106 -0.968242793717918
18.2103183184106 -0.911768933766267
18.2772680181107 -0.827084702354164
18.3442177178107 -0.706850519329747
18.4111674175107 -0.539115651088121
18.4781171172108 -0.304162792085335
18.5450668169108 0.0314149857057516
18.6120165166109 0.525029194978621
18.6789662163109 1.26704102348955
18.7459159160109 2.30839781745105
18.812865615711 3.14696816412273
18.879815315411 2.68879827622334
18.946765015111 1.60356506006927
19.0137147148111 0.75166955712257
19.0806644145111 0.182044497204038
19.1476141142112 -0.201307495931331
19.2145638139112 -0.467226108408301
19.2815135136112 -0.65615127317326
19.3484632133113 -0.791747876078729
19.4154129130113 -0.888234142638522
19.4823626127114 -0.954324729457292
19.5493123124114 -0.995330074585543
19.6162620121114 -1.01427989173696
19.6832117118115 -1.01250240296007
19.7501614115115 -0.989862817342364
19.8171111112116 -0.944739576514098
19.8840608109116 -0.873730704443879
19.9510105106116 -0.770992677826973
20.0179602103117 -0.626975838647799
20.0849099100117 -0.426062317878525
20.1518596097118 -0.142124472712809
20.2188093094118 0.269642210723864
20.2857590091118 0.884597755663325
20.3527087088119 1.79624428238908
20.4196584085119 2.86387836177068
20.4866081082119 3.06219019962438
20.553557807912 2.09316573273298
20.620507507612 1.0991535595264
20.6874572073121 0.411432748209863
20.7544069070121 -0.0468351130057843
20.8213566067121 -0.360307911257452
20.8883063064122 -0.580897533379646
20.9552560061122 -0.738794618998164
21.0222057058123 -0.851909872812536
21.0891554055123 -0.931142980558668
21.1561051052123 -0.98318456817342
21.2230548049124 -1.01201464618152
21.2900045046124 -1.01969637799215
21.3569542043125 -1.00675537552353
21.4239039040125 -0.972272596136802
21.4908536037125 -0.913720902987706
21.5578033034126 -0.82649203551932
21.6247530031126 -0.702951271625185
21.6917027028126 -0.530665559964885
21.7586524025127 -0.28908315561807
21.8256021022127 0.056690374412247
21.8925518019128 0.56656011021494
21.9595015016128 1.33292806561684
22.0264512013128 2.3906532050666
22.0934009010129 3.15721609935311
22.1603506007129 2.59778589382187
22.227300300413 1.51519666781661
22.294250000113 0.688960891018542
22.361199699813 0.137749099896678
22.4281493995131 -0.234052720646928
22.4950990992131 -0.492557689296834
22.5620487989132 -0.676470680618445
22.6289984986132 -0.808481445256495
22.6959481983132 -0.902251201256942
22.7628978980133 -0.966159593613029
22.8298475977133 -1.00530089166863
22.8967972974134 -1.02255168308371
22.9637469971134 -1.01911722101323
23.0306966968134 -0.994747135715676
23.0976463965135 -0.947691289274294
23.1645960962135 -0.874381525504991
23.2315457959135 -0.768733087480881
23.2984954956136 -0.620814606214485
23.3654451953136 -0.414363433695161
23.4323948950137 -0.122112376892731
23.4993445947137 0.302750520172996
23.5662942944137 0.938395519153265
23.6332439941138 1.87532383054734
23.7001936938138 2.92364715040095
23.7671433935139 3.00464980950649
23.8340930932139 1.99589502648839
23.9010427929139 1.02512050419639
23.967992492614 0.359707148839306
24.034942192314 -0.0842323161891347
24.1018918920141 -0.388667152227039
24.1688415917141 -0.603297893886877
24.2357912914141 -0.757041837403757
24.3027409911142 -0.867092779323494
24.3696906908142 -0.943930406005487
24.4366403905142 -0.993983569713082
24.5035900902143 -1.02105525232903
24.5705397899143 -1.02707500864211
24.6374894896144 -1.01245199910809
24.7044391893144 -0.976147217699766
24.7713888890144 -0.915488256880247
24.8383385887145 -0.825666089154641
24.9052882884145 -0.698739712585928
24.9722379881146 -0.521772918312772
25.0391876878146 -0.27334022677929
25.1061373875146 0.0830105414471675
25.1730870872147 0.60975585027862
25.2400367869147 1.40097974735332
25.3069864866148 2.47181160102104
25.3739361863148 3.15688507572726
25.4408858860148 2.50392688965212
25.5078355857149 1.42889265528771
25.5747852854149 0.628055595432836
25.641734985115 0.094597376823863
25.708684684815 -0.266076992010936
25.775634384515 -0.517413212152851
25.8425840842151 -0.69645774163885
25.9095337839151 -0.824969456210887
25.9764834836151 -0.916076088604122
26.0434331833152 -0.977834814125764
26.1103828830152 -1.01513046034603
26.1773325827153 -1.03068993989694
26.2442822824153 -1.02559690178613
26.3112319821153 -0.999485118034065
26.3781816818154 -0.950473858571413
26.4451313815154 -0.87482437799414
26.5120810812155 -0.766202314559171
26.5790307809155 -0.614278988554217
26.6459804806155 -0.402117599406533
26.7129301803156 -0.101256743828203
26.7798798800156 0.337208457054956
26.8468295797157 0.994231680772405
26.9137792794157 1.95580543114477
26.9807289791157 2.97662192539219
27.0476786788158 2.93908536515339
27.1146283785158 1.89962842775323
27.1815780782158 0.953184857759738
27.2485277779159 0.309402824047017
27.3154774776159 -0.120742107125993
27.382427177316 -0.416454118768712
27.449376877016 -0.625308953733291
27.516326576716 -0.775008829437478
27.5832762764161 -0.882062142849789
27.6502259761161 -0.956545299433356
27.7171756758162 -1.00463434375177
27.7841253755162 -1.02995997673889
27.8510750752162 -1.03432037676127
27.9180247749163 -1.01800870994978
27.9849744746163 -0.979864834834602
28.0519241743164 -0.91706789385055
28.1188738740164 -0.824601819439909
28.1858235737164 -0.694207620105029
28.2527732734165 -0.512423998244783
28.3197229731165 -0.256910412192161
28.3866726728166 0.110416060770192
28.4536223725166 0.654674863508551
28.5205720722166 1.47116990022404
28.5875217719167 2.55118536994831
28.6544714716167 3.14583832545065
28.7214211713167 2.40800980639361
28.7883708710168 1.34471183041891
28.8553205707168 0.568895231320317
28.9222702704169 0.0525464332635677
28.9892199701169 -0.297405385461125
29.0561696698169 -0.541807231142507
29.123119369517 -0.716121144606696
29.190069069217 -0.841217228763507
29.2570187689171 -0.929712080511317
29.3239684686171 -0.989352334117206
29.3909181683171 -1.02481976820502
29.4578678680172 -1.03869487174852
29.5248175677172 -1.03194091320738
29.5917672674173 -1.00407539734092
29.6587169671173 -0.953084829819417
29.7256666668173 -0.875055221624231
29.7926163665174 -0.763393804710355
29.8595660662174 -0.60735818008736
29.9265157659175 -0.389306476903964
29.9934654656175 -0.0795258028019484
30.0604151653175 0.373068035907367
30.1273648650176 1.05215049622363
30.1943145647176 2.03740954316185
30.2612642644176 3.02189416484635
30.3282139641177 2.86638568394379
30.3951636638177 1.80466720725565
30.4621133635178 0.883304646588976
30.5290630632178 0.260467169619997
30.5960127629178 -0.156396776908976
30.6629624626179 -0.443687448485661
30.7299121623179 -0.646941685238785
30.796861862018 -0.792702245582236
30.863811561718 -0.89682206233115
30.930761261418 -0.968990153918907
30.9977109611181 -1.01513828505723
31.0646606608181 -1.03872937433266
31.1316103605182 -1.04143229476634
31.1985600602182 -1.02342454541638
31.2655097599182 -0.983423537115941
31.3324594596183 -0.918456585902957
31.3994091593183 -0.823293982546367
31.4663588590183 -0.689346434479219
31.5333085587184 -0.502604473939631
31.6002582584184 -0.239769045558518
31.6672079581185 0.13894919519564
31.7341576578185 0.701375686346887
31.8011073575185 1.54344932327329
31.8680570572186 2.62801208700634
31.9350067569186 3.12413898366302
32.0019564566187 2.3107504767089
32.0689061563187 1.26268839540467
32.1358558560187 0.511421262239674
32.2028055557188 0.0115550746263516
32.2697552554188 -0.328061885391171
32.3367049551189 -0.56575369193347
32.4036546548189 -0.735469234705517
32.4706043545189 -0.857229879757894
32.537554054219 -0.943162324807672
32.604503753919 -1.0007140090073
32.6714534536191 -1.03436973567893
32.7384031533191 -1.04656662880086
32.8053528530191 -1.03814866120654
32.8723025527192 -1.00851653094135
32.9392522524192 -0.955521643313837
33.0062019521192 -0.875069855589015
33.0731516518193 -0.760300740061605
33.1401013515193 -0.600040917592156
33.2070510512194 -0.375910905775911
33.2740007509194 -0.0568863587204416
33.3409504506194 0.410382834871942
33.4079001503195 1.1121894956607
33.4748498500195 2.11979588376657
33.5417995497196 3.05861930477496
33.6087492494196 2.78748252618254
33.6756989491196 1.71125586900865
33.7426486488197 0.815432228254775
33.8095983485197 0.212849201561669
33.8765480482198 -0.191227226172842
33.9434977479198 -0.470384980900803
34.0104474476198 -0.668206616215287
34.0773971473199 -0.810128479732015
34.1443468470199 -0.911376479900307
34.21129654672 -0.981267359418348
34.27824624642 -1.02549671367712
34.34519594612 -1.04736393841297
34.4121456458201 -1.04841051552702
34.4790953455201 -1.02869847502354
34.5460450452201 -0.986821324930758
34.6129947449202 -0.919650974243713
34.6799444446202 -0.82173712647583
34.7468941443203 -0.684147243033663
34.8138438440203 -0.492299392614855
34.8807935437203 -0.221890338168694
34.9477432434204 0.168653923968367
35.0146929431204 0.749916405227514
35.0816426428205 1.61774136369098
35.1485923425205 2.70146152089677
35.2155420422205 3.09204683393734
35.2824917419206 2.21278763358412
35.3494414416206 1.18283603990405
35.4163911413207 0.455575522926936
35.4833408410207 -0.0284162265874648
35.5502905407207 -0.358069433673198
35.6172402404208 -0.589265959824038
35.6841899401208 -0.754510028813513
35.7511396398208 -0.873012330965886
35.8180893395209 -0.956429845580418
35.8850390392209 -1.0119216087711
35.951988738921 -1.04378121708934
36.018938438621 -1.05430530197172
36.085888138321 -1.0442194890533
36.1528378380211 -1.01280699870601
36.2197875377211 -0.957781630927815
36.2867372374212 -0.874863912428879
36.3536869371212 -0.756916027751142
36.4206366368212 -0.592315458471764
36.4875863365213 -0.361910863462997
36.5545360362213 -0.0333037389685451
36.6214857359214 0.449207874786587
36.6884354356214 1.17437755618597
36.7553851353214 2.20255742864786
36.8223348350215 3.08605077242225
36.8892845347215 2.70331938600442
36.9562342344216 1.61958852223562
37.0231839341216 0.749515745423823
37.0901336338216 0.166499619821607
37.1570833335217 -0.225263019119518
37.2240330332217 -0.496563794495559
37.2909827329217 -0.689113849949521
37.3579324326218 -0.827293679744067
37.4248821323218 -0.9257291865393
37.4918318320219 -0.993379205808973
37.5587815317219 -1.03571087647637
37.6257312314219 -1.05586410120999
37.692680931122 -1.05525473209424
37.759630630822 -1.03382939925963
37.8265803305221 -0.990056107016246
37.8935300302221 -0.920647564660993
37.9604797299221 -0.819925582477814
38.0274294296222 -0.678600763932022
38.0943791293222 -0.481493144028244
38.1613288290223 -0.203247327990146
38.2282785287223 0.199575959649588
38.2952282284223 0.800353991654234
38.3621779281224 1.6939369774878
38.4291276278224 2.77064726903745
38.4960773275224 3.05000509553308
38.5630270272225 2.11468202003918
38.6299767269225 1.10515153286028
38.6969264266226 0.401300592033129
38.7638761263226 -0.0674053707952935
38.8308258260226 -0.387449976559213
38.8977755257227 -0.612356846493816
38.9647252254227 -0.77325122963901
39.0316749251228 -0.888569316606834
39.0986246248228 -0.969517547228086
39.1655743245228 -1.02297682007628
39.2325240242229 -1.05305500160933
39.2994737239229 -1.06191092303404
39.366423423623 -1.05015267662487
39.433373123323 -1.01694520127266
39.500322823023 -0.959862012637233
39.5672725227231 -0.874432851583462
39.6342222224231 -0.753232287858525
39.7011719221232 -0.584169557876979
39.7681216218232 -0.347285423664086
39.8350713215232 -0.00874174177541195
39.9020210212233 0.489599452984411
39.9689707209233 1.23873263020196
40.0359204206233 2.28521517089041
40.1028701203234 3.10357274643682
40.1698198200234 2.61482421428914
40.2367695197235 1.52981511129116
40.3037192194235 0.685500338515208
40.3706689191235 0.121370845257202
40.4376186188236 -0.258532437337365
40.5045683185236 -0.522240242071112
40.5715180182237 -0.709673084180727
40.6384677179237 -0.844203757467531
40.7054174176237 -0.939883827461514
40.7723671173238 -1.00532788577869
40.8393168170238 -1.04578194858103
40.9062665167239 -1.06423023435908
40.9732162164239 -1.06196457736216
41.0401659161239 -1.03881614832598
41.107115615824 -0.993125697864876
41.174065315524 -0.921442722669798
41.2410150152241 -0.817853456022163
41.3079647149241 -0.672697329127786
41.3749144146241 -0.470169428451454
41.4418641143242 -0.183811827523144
41.5088138140242 0.231762751392604
41.5757635137242 0.852743487577793
41.6427132134243 1.77188929115178
41.7096629131243 2.83464351474523
41.7766126128244 2.99861854863588
41.8435623125244 2.01691822356726
41.9105120122244 1.02961784377488
41.9774617119245 0.348540084604651
42.0444114116245 -0.105448676532939
42.1113611113246 -0.416224509891535
42.1783108110246 -0.635038635435751
42.2452605107246 -0.791700239146991
42.3122102104247 -0.903905390499377
42.3791599101247 -0.982428218316426
42.4461096098248 -1.03388124830601
42.5130593095248 -1.06219181415014
42.5800090092248 -1.06938346465076
42.6469587089249 -1.05594743960001
42.7139084086249 -1.0209294581418
42.7808581083249 -0.961759892866762
42.847807808025 -0.873771952613928
42.914757507725 -0.749241840699808
42.9817072074251 -0.575590444628471
43.0486569071251 -0.332012712991179
43.1156066068251 0.0168374129526263
43.1825563065252 0.531614922289097
43.2495060062252 1.30525908694577
43.3164557059253 2.36721417464343
43.3834054056253 3.11072902931397
43.4503551053253 2.52288701825917
43.5173048050254 1.44204732413559
43.5842545047254 0.623329150522123
43.6512042044255 0.0774170349207394
43.7181539041255 -0.291062532991617
43.7851036038255 -0.547429984476458
43.8520533035256 -0.729893629123064
43.9190030032256 -0.860864398275931
43.9859527029257 -0.953843907233086
44.0529024026257 -1.01711549757049
44.1198521023257 -1.05571103473214
44.1868018020258 -1.07246264931077
44.2537515017258 -1.06853962366325
44.3207012014258 -1.04365748078977
44.3876509011259 -0.996027814990657
44.4546006008259 -0.922032668409672
44.521550300526 -0.815514617302768
44.588500000226 -0.666426866412028
44.655449699926 -0.458311223062986
44.7223993996261 -0.163554370672343
44.7893490993261 0.265263471099664
44.8562987990262 0.907137014920797
44.9232484987262 1.85140772257953
44.9901981984262 2.89250704010463
45.0571478981263 2.93862505913459
45.1240975978263 1.91990850061362
45.1910472975264 0.956206831921363
45.2579969972264 0.297238877629708
45.3249466969264 -0.142580929392524
45.3918963966265 -0.444413122579075
45.4588460963265 -0.657323106126099
45.5257957960266 -0.809864171312899
45.5927454957266 -0.919024932864461
45.6596951954266 -0.995164535246044
45.7266448951267 -1.04463641947139
45.7935945948267 -1.07119231617255
45.8605442945267 -1.07672284034486
45.9274939942268 -1.06160292857822
45.9944436939268 -1.02475800566231
46.0613933936269 -0.963472256648488
46.1283430933269 -0.872876308078205
46.1952927930269 -0.74493669345294
46.262242492727 -0.566564795881867
46.329192192427 -0.316069865888182
46.3961418921271 0.0434731291600972
46.4630915918271 0.575312403993012
46.5300412915271 1.37394462503674
46.5969909912272 2.44792156670018
46.6639406909272 3.10724549667117
46.7308903906273 2.42834270951054
46.7978400903273 1.35636406631523
46.8647897900273 0.562944153880316
46.9317394897274 0.034594079938806
46.9986891894274 -0.322879181051984
47.0656388891274 -0.572148022751118
47.1325885888275 -0.749784424580056
47.1995382885275 -0.877281070128789
47.2664879882276 -0.967612794646045
47.3334376879276 -1.02874404758751
47.4003873876276 -1.06549917055186
47.4673370873277 -1.08056159767377
47.5342867870277 -1.07497938229569
47.6012364867278 -1.04835208214695
47.6681861864278 -0.998760076050696
47.7351358861278 -0.922413471282686
47.8020855858279 -0.812902691247294
47.8690352855279 -0.659778880508826
47.935984985228 -0.445900746710972
48.002934684928 -0.142444158960872
48.069884384628 0.300128978253256
48.1368340843281 0.963582579632084
48.2037837840281 1.93225176996903
48.2707334837282 2.94330416236749
48.3376831834282 2.87086301838653
48.4046328831282 1.82399794054042
48.4715825828283 0.884881545531961
48.5385322825283 0.247343280002574
48.6054819822283 -0.178835433506658
48.6724316819284 -0.472035038322388
48.7393813816284 -0.679221556989641
48.8063310813285 -0.827749864238796
48.8732807810285 -0.933932156796931
48.9402304807285 -1.00772906574042
49.0071801804286 -1.05524378201768
49.0741298801286 -1.08005710642505
49.1410795798287 -1.08392890440442
49.2080292795287 -1.06711822812221
49.2749789792287 -1.02842899490262
49.3419286789288 -0.964995965583775
49.4088783786288 -0.871740816039932
49.4758280783289 -0.740308526076542
49.5427777780289 -0.557078710477701
49.6097274777289 -0.299432977853972
49.676677177429 0.0712064750968977
49.743626877129 0.620750421652497
49.810576576829 1.44475671716004
49.8775262765291 2.52662719558937
49.9444759762291 3.093044016041
50.0114256759292 2.33195909743004
50.0783753756292 1.27281643885375
50.1453250753292 0.504286825790074
50.2122747750293 -0.0071404104599334
50.2792244747293 -0.354007130303621
50.3461741744294 -0.596408728736797
50.4131238741294 -0.769354056197682
50.4800735738294 -0.893459032187055
50.5470232735295 -0.981193727355518
50.6139729732295 -1.04021545286497
50.6809226729296 -1.07514732372494
50.7478723726296 -1.08852727149167
50.8148220723296 -1.08128330298217
50.8817717720297 -1.05289856329208
50.9487214717297 -1.0013199958153
51.0156711714298 -0.922581044318169
51.0826208711298 -0.810011047004872
51.1495705708298 -0.652742433169765
51.2165202705299 -0.432919423001576
51.2834699702299 -0.120449007503938
51.3504196699299 0.336411758391807
51.41736936963 1.02212263712815
51.48431906933 2.01412464258765
51.5512687690301 2.98614169441829
51.6182184687301 2.79623731829527
51.6851681684301 1.72947042449359
51.7521178681302 0.815598173665356
51.8190675678302 0.198801156533584
51.8860172675303 -0.214244064609487
51.9529669672303 -0.499108655589739
52.0199166669303 -0.700744827216735
52.0868663666304 -0.84536389166515
52.1538160663304 -0.948631114422689
52.2207657660305 -1.02012427216245
52.2877154657305 -1.06570470852808
52.3546651654305 -1.08878672160992
52.4216148651306 -1.09100145172269
52.4885645648306 -1.07249235572172
52.5555142645307 -1.03194048940303
52.6224639642307 -0.966327753598966
52.6894136639307 -0.870360172191852
52.7563633636308 -0.735348676484311
52.8233130633308 -0.547117680918006
52.8902627630308 -0.282077057038632
52.9572124627309 0.100080216952769
53.0241621624309 0.667987440301719
53.091111862131 1.5176385552976
53.158061561831 2.60254773193556
53.225011261531 3.0682464727046
53.2919609612311 2.23442957870265
53.3589106609311 1.19143219672091
53.4258603606312 0.447298695117278
53.4928100603312 -0.0478271358089105
53.5597597600312 -0.384470052949441
53.6267094597313 -0.620225874212581
53.6936591594313 -0.788610770899211
53.7606088591314 -0.909403343004965
53.8275585588314 -0.994589816292064
53.8945082585314 -1.05153154341409
53.9614579582315 -1.08465639509761
54.0284076579315 -1.09635980345394
54.0953573576315 -1.08745077325897
54.1623070573316 -1.05729545889205
54.2292567570316 -1.00370498298006
54.2962064567317 -0.922531138250289
54.3631561564317 -0.806832786884765
54.4301058561317 -0.645306122215727
54.4970555558318 -0.41934784167734
54.5640052555318 -0.0975352912709216
54.6309549552319 0.374165829233659
54.6979046549319 1.08279238254807
54.7648543546319 2.09666698823521
54.831804054332 3.02020042073684
54.898753754032 2.71568626839311
54.9657034537321 1.63655494567551
55.0326531534321 0.748307692208205
55.0996028531321 0.151562014150018
55.1665525528322 -0.248837323890023
55.2335022525322 -0.525651585860677
55.3004519522323 -0.721903317485965
55.3674016519323 -0.862712573909133
55.4343513516323 -0.963125702756839
55.5013010513324 -1.03235251466711
55.5682507510324 -1.07602049732862
55.6352004507324 -1.09738163697876
55.7021501504325 -1.09794021757266
55.7690998501325 -1.07772426067674
55.8360495498326 -1.03529046280408
55.9029992495326 -0.967464222484599
55.9699489492326 -0.868728861572792
56.0368986489327 -0.730048124933891
56.1038483486327 -0.536666563911341
56.1707980483328 -0.263975974317792
56.2377477480328 0.130138843556301
56.3046974477328 0.717081293167541
56.3716471474329 1.59250447770413
56.4385968471329 2.67483495908763
56.505546546833 3.0331685007993
56.572496246533 2.1363698591941
56.639445946233 1.11221969173924
56.7063956459331 0.391921780961277
56.7733453456331 -0.0875051397037882
56.8402950453331 -0.414290592664229
56.9072447450332 -0.643612658611872
56.9741944447332 -0.807562491544098
57.0411441444333 -0.925118868320209
57.1080938441333 -1.00780404985983
57.1750435438333 -1.06269406444329
57.2419932435334 -1.0940272196963
57.3089429432334 -1.1040592670416
57.3758926429335 -1.09348111779414
57.4428423426335 -1.06154122565999
57.5097920423335 -1.00591233681225
57.5767417420336 -0.922259335293113
57.6436914417336 -0.803360734714436
57.7106411414337 -0.637458059471939
57.7775908411337 -0.405165718257504
57.8445405408337 -0.073667892297217
57.9114902405338 0.413446607319846
57.9784399402338 1.14561772621637
58.0453896399339 2.17945106799054
58.1123393396339 3.04476901865915
58.1792890393339 2.63015141116052
58.246238739034 1.54543196262302
58.313188438734 0.68295724300518
58.380138138434 0.105577057153939
58.4470878381341 -0.282644392006432
58.5140375378341 -0.55168069016622
58.5809872375342 -0.742707009645453
58.6479369372342 -0.879801988259622
58.7148866369342 -0.977419669277709
58.7818363366343 -1.04441605419743
58.8487860363343 -1.08619237399766
58.9157357360344 -1.10584226685855
58.9826854357344 -1.10474487731587
59.0496351354344 -1.08281282289762
59.1165848351345 -1.03847679634592
59.1835345348345 -0.968401837207331
59.2504842345346 -0.866841149856241
59.3174339342346 -0.724397477588583
59.3843836339346 -0.525709549430015
59.4513333336347 -0.245102411996411
59.5182830333347 0.161428579577078
59.5852327330348 0.76808847515213
59.6521824327348 1.66923487890302
59.7191321324348 2.74258888135179
59.7860818321349 2.98830354383693
59.8530315318349 2.03831794643108
59.9199812315349 1.03517132209911
59.986930931235 0.338098940229835
60.053880630935 -0.126211851509245
60.1208303306351 -0.443490411003973
60.1877800303351 -0.666581735378541
60.2547297300351 -0.826216830850572
60.3216794297352 -0.94061028846288
60.3886291294352 -1.02083929793067
60.4555788291353 -1.07370467846144
60.5225285288353 -1.10326056766812
60.5894782285353 -1.11162567660783
60.6564279282354 -1.09937359763343
60.7233776279354 -1.06563424052627
60.7903273276355 -1.00793924362411
60.8572770273355 -0.92176104259774
60.9242267270355 -0.799587423586308
60.9911764267356 -0.629185847543333
61.0581261264356 -0.390351851928542
61.1250758261356 -0.048810148669505
61.1920255258357 0.454310726722291
61.2589752255357 1.21061291245874
61.3259249252358 2.26197583592533
61.3928746249358 3.05927594759527
61.4598243246358 2.54055161092703
61.5267740243359 1.45623954977275
61.5937237240359 0.619491281953323
61.660673423736 0.0607992173061281
61.727623123436 -0.315693182760134
61.794572823136 -0.577212113964154
61.8615225228361 -0.763165485403885
61.9284722225361 -0.896637978856972
61.9954219222362 -0.991516617230699
62.0623716219362 -1.05631705533063
62.1293213216362 -1.09622149278287
62.1962710213363 -1.11416896510927
62.2632207210363 -1.11141504604474
62.3301704207364 -1.0877568516199
62.3971201204364 -1.04149727623306
62.4640698201364 -0.969136920983353
62.5310195198365 -0.864691074187543
62.5979692195365 -0.718386949207364
62.6649189192365 -0.514230128223244
62.7318686189366 -0.225427811345059
62.7988183186366 0.193997384150666
62.8657680183367 0.821063279258966
62.9327177180367 1.74767063341636
62.9996674177367 2.80487603461534
63.0666171174368 2.93429879368991
63.1335668171368 1.94073664368696
63.2005165168369 0.960266522083743
63.2674662165369 0.285774139103044
63.3344159162369 -0.163983132799472
63.401365615937 -0.472090232108312
63.468315315637 -0.68914523702086
63.5352650153371 -0.844581104620226
63.6022147150371 -0.955882105402573
63.6691644147371 -1.03369831564359
63.7361141144372 -1.08456496726775
63.8030638141372 -1.11235714514517
63.8700135138372 -1.11905898739373
63.9369632135373 -1.10512740937242
64.0039129132373 -1.06957279870192
64.0708626129374 -1.00978277306456
64.1378123126374 -0.921031485374137
64.2047620123374 -0.795505082959112
64.2717117120375 -0.620476555371961
64.3386614117375 -0.374884081683648
64.4056111114376 -0.0229238062973331
64.4725608111376 0.49681579983301
64.5395105108376 1.27777773901742
64.6064602105377 2.34366349258018
64.6734099102377 3.06331667960553
64.7403596099378 2.44776218504711
64.8073093096378 1.3690791870635
64.8742590093378 0.557852528437075
64.9412087090379 0.0171831635750695
65.0081584087379 -0.348010396032799
65.0751081084379 -0.602261320394378
65.142057808138 -0.783287944080485
65.209007507838 -0.913226166083998
65.2759572075381 -1.00542001067518
65.3429069072381 -1.06805758898089
65.4098566069381 -1.10610893792901
65.4768063066382 -1.12236202551411
65.5437560063382 -1.11795027815781
65.6107057060383 -1.092555084031
65.6776554057383 -1.0443495908586
65.7446051054383 -0.969665650100846
65.8115548051384 -0.86227243354452
65.8785045048384 -0.712006344916786
65.9454542045384 -0.502211057734627
66.0124039042385 -0.204922319240058
66.0793536039385 0.22789493122253
66.1463033036386 0.876056748804191
66.2132530033386 1.8276071049227
66.2802027030387 2.86075300854037
66.3471524027387 2.87192523878882
66.4141021024387 1.84401783229577
66.4810518021388 0.887474331902964
66.5480015018388 0.234892661103676
66.6149512015388 -0.200853327159373
66.6819009012389 -0.500109885661493
66.7488506009389 -0.71131479892049
66.815800300639 -0.862662344300323
66.882750000339 -0.970938649451888
