tsim RVsim
0 6.50270773042794
3.37024313313337 6.38409105863427
6.74048626626673 6.26635372817476
10.1107293994001 6.14949334779871
13.4809725325335 6.03350749821112
16.8512156656668 5.91839373248892
20.2214587988002 5.80414957649684
23.5917019319336 5.69077252930342
26.9619450650669 5.57826006359622
30.3321881982003 5.46660962609695
33.7024313313336 5.35581863797606
37.072674464467 5.24588449526658
40.4429175976004 5.13680456927757
43.8131607307337 5.02857620700688
47.1834038638671 4.92119673155283
50.5536469970005 4.81466344252536
53.9238901301338 4.70897361645633
57.2941332632672 4.60412450720847
60.6643763964006 4.50011334638366
64.0346195295339 4.39693734372996
67.4048626626673 4.29459368754746
70.7751057958007 4.193079545093
74.145348928934 4.09239206298351
77.5155920620674 3.99252836759798
80.8858351952008 3.89348556547823
84.2560783283341 3.79526074372795
87.6263214614675 3.69785097041036
90.9965645946009 3.6012532949444
94.3668077277342 3.50546474849898
97.7370508608676 3.41048234438597
101.107293994001 3.31630307845106
104.477537127134 3.22292392946312
107.847780260268 3.13034185950158
111.218023393401 3.03855381434208
114.588266526534 2.94755672383988
117.958509659668 2.85734750231173
121.328752792801 2.76792304891543
124.698995925935 2.67928024802735
128.069239059068 2.59141596961798
131.439482192201 2.50432706962521
134.809725325335 2.41801039032549
138.179968458468 2.33246276070278
141.550211591601 2.24768099681521
144.920454724735 2.16366190215929
148.290697857868 2.0804022680322
151.660940991001 1.99789887389122
155.031184124135 1.91614848771113
158.401427257268 1.83514786633893
161.771670390402 1.75489375584623
165.141913523535 1.67538289187911
168.512156656668 1.59661200000548
171.882399789802 1.5185777960597
175.252642922935 1.44127698648499
178.622886056068 1.36470626867282
181.993129189202 1.28886233129991
185.363372322335 1.21374185466256
188.733615455468 1.13934151100817
192.103858588602 1.06565796486417
195.474101721735 0.992687873364261
198.844344854869 0.92042788657163
202.214587988002 0.848874647799803
205.584831121135 0.778024793930456
208.955074254269 0.707874955728386
212.325317387402 0.638421758153896
215.695560520535 0.569661820672096
219.065803653669 0.501591757559467
222.436046786802 0.434208178207655
225.806289919935 0.367507687424123
229.176533053069 0.301486885730242
232.546776186202 0.236142369656179
235.917019319336 0.1714707320331
239.287262452469 0.10746856228225
242.657505585602 0.0441324467013828
246.027748718736 -0.018541031252056
249.397991851869 -0.0805552906806071
252.768234985002 -0.14191375296916
256.138478118136 -0.202619841510696
259.508721251269 -0.262676981434709
262.878964384402 -0.32208859933867
266.249207517536 -0.380858123022506
269.619450650669 -0.438988981225961
272.989693783803 -0.496484603369012
276.359936916936 -0.553348419295276
279.730180050069 -0.609583859018286
283.100423183203 -0.665194352470849
286.470666316336 -0.720183329257409
289.840909449469 -0.774554218409207
293.211152582603 -0.828310448142616
296.581395715736 -0.881455445620347
299.951638848869 -0.933992636715629
303.321881982003 -0.985925445779415
306.692125115136 -1.03725729541046
310.06236824827 -1.08799160622831
313.432611381403 -1.13813179664959
316.802854514536 -1.18768128266667
320.17309764767 -1.23664347762971
323.543340780803 -1.28502179203159
326.913583913936 -1.33281963329546
330.28382704707 -1.38004040556557
333.654070180203 -1.42668750950082
337.024313313337 -1.47276434207122
340.39455644647 -1.51827429635719
343.764799579603 -1.56322076135196
347.135042712737 -1.60760712176651
350.50528584587 -1.65143675783766
353.875528979003 -1.69471304513877
357.245772112137 -1.73743935439349
360.61601524527 -1.7796190512921
363.986258378403 -1.82125549631093
367.356501511537 -1.86235204453423
370.72674464467 -1.90291204547921
374.096987777804 -1.94293884292354
377.467230910937 -1.98243577473566
380.83747404407 -2.02140617270808
384.207717177204 -2.05985336239306
387.577960310337 -2.09778066294108
390.94820344347 -2.13519138694234
394.318446576604 -2.1720888402704
397.688689709737 -2.20847632192888
401.05893284287 -2.24435712390071
404.429175976004 -2.27973453099993
407.799419109137 -2.31461182072611
411.169662242271 -2.34899226312154
414.539905375404 -2.38287912063075
417.910148508537 -2.41627564796282
421.280391641671 -2.44918509195604
424.650634774804 -2.48161069144517
428.020877907937 -2.51355567713136
431.391121041071 -2.5450232714543
434.761364174204 -2.57601668846692
438.131607307337 -2.60653913371279
441.501850440471 -2.63659380410554
444.872093573604 -2.66618388781103
448.242336706738 -2.69531256413173
451.612579839871 -2.72398300339358
454.982822973004 -2.75219836683512
458.353066106138 -2.7799618064991
461.723309239271 -2.80727646512618
465.093552372404 -2.83414547605113
468.463795505538 -2.86057196310134
471.834038638671 -2.88655904049725
475.204281771804 -2.91210981275549
478.574524904938 -2.93722737459389
481.944768038071 -2.96191481083882
485.315011171205 -2.98617519633467
488.685254304338 -3.01001159585562
492.055497437471 -3.03342706401931
495.425740570605 -3.05642464520277
498.795983703738 -3.07900737346048
502.166226836871 -3.10117827244449
505.536469970005 -3.12294035532645
508.906713103138 -3.14429662472183
512.276956236272 -3.16525007261616
515.647199369405 -3.18580368029322
519.017442502538 -3.20596041826498
522.387685635672 -3.2257232462041
525.757928768805 -3.24509511287756
529.128171901938 -3.26407895608288
532.498415035072 -3.28267770258587
535.868658168205 -3.30089426806029
539.238901301338 -3.31873155702948
542.609144434472 -3.33619246280972
545.979387567605 -3.3532798674554
549.349630700739 -3.369996641706
552.719873833872 -3.38634564493488
556.090116967005 -3.40232972509971
559.460360100139 -3.41795171869472
562.830603233272 -3.43321445070461
566.200846366405 -3.44812073456013
569.571089499539 -3.46267337209539
572.941332632672 -3.47687515350673
576.311575765805 -3.49072885731331
579.681818898939 -3.50423725031921
583.052062032072 -3.51740308757714
586.422305165206 -3.53022911235376
589.792548298339 -3.5427180560965
593.162791431472 -3.55487263840195
596.533034564606 -3.56669556698564
599.903277697739 -3.57818953765344
603.273520830872 -3.58935723427443
606.643763964006 -3.60020132875498
610.014007097139 -3.61072448101464
613.384250230272 -3.62092933896309
616.754493363406 -3.63081853847868
620.124736496539 -3.64039470338825
623.494979629673 -3.64966044544837
626.865222762806 -3.6586183643278
630.235465895939 -3.66727104759143
633.605709029073 -3.67562107068529
636.975952162206 -3.6836709969231
640.346195295339 -3.69142337747385
643.716438428473 -3.69888075135074
647.086681561606 -3.7060456454013
650.456924694739 -3.71292057429872
653.827167827873 -3.71950804053439
657.197410961006 -3.72581053441154
660.56765409414 -3.73183053404013
663.937897227273 -3.73757050533278
667.308140360406 -3.74303290200184
670.67838349354 -3.74822016555765
674.048626626673 -3.75313472530763
677.418869759806 -3.75777899835683
680.78911289294 -3.76215538960903
684.159356026073 -3.76626629176938
687.529599159206 -3.77011408534771
690.89984229234 -3.77370113866287
694.270085425473 -3.77702980784817
697.640328558607 -3.78010243685783
701.01057169174 -3.7829213574741
704.380814824873 -3.7854888893156
707.751057958007 -3.78780733984642
711.12130109114 -3.78987900438617
714.491544224273 -3.79170616612094
717.861787357407 -3.79329109611506
721.23203049054 -3.79463605332379
724.602273623673 -3.79574328460675
727.972516756807 -3.7966150247423
731.34275988994 -3.79725349644261
734.713003023074 -3.79766091036963
738.083246156207 -3.79783946515174
741.45348928934 -3.79779134740127
744.823732422474 -3.79751873173259
748.193975555607 -3.79702378078131
751.56421868874 -3.79630864522362
754.934461821874 -3.79537546379697
758.304704955007 -3.79422636332096
761.67494808814 -3.7928634587192
765.045191221274 -3.79128885304175
768.415434354407 -3.78950463748807
771.785677487541 -3.78751289143094
775.155920620674 -3.78531568244063
778.526163753807 -3.78291506630998
781.896406886941 -3.78031308708007
785.266650020074 -3.77751177706606
788.636893153207 -3.77451315688439
792.007136286341 -3.77131923547962
795.377379419474 -3.76793201015271
798.747622552607 -3.76435346658913
802.117865685741 -3.76058557888794
805.488108818874 -3.75663030959127
808.858351952008 -3.75248960971413
812.228595085141 -3.74816541877505
815.598838218274 -3.74365966482691
818.969081351408 -3.7389742644884
822.339324484541 -3.73411112297588
825.709567617674 -3.72907213413567
829.079810750808 -3.72385918047691
832.450053883941 -3.71847413320467
835.820297017074 -3.71291885225362
839.190540150208 -3.70719518632205
842.560783283341 -3.70130497290619
845.931026416475 -3.69525003833524
849.301269549608 -3.68903219780631
852.671512682741 -3.68265325542013
856.041755815875 -3.67611500421691
859.411998949008 -3.66941922621264
862.782242082141 -3.66256769243563
866.152485215275 -3.65556216296349
869.522728348408 -3.64840438696042
872.892971481542 -3.64109610271461
876.263214614675 -3.63363903767633
879.633457747808 -3.62603490849592
883.003700880942 -3.61828542106232
886.373944014075 -3.61039227054169
889.744187147208 -3.60235714141657
893.114430280342 -3.59418170752491
896.484673413475 -3.58586763209978
899.854916546608 -3.57741656780897
903.225159679742 -3.56883015679498
906.595402812875 -3.56011003071527
909.965645946009 -3.55125781078264
913.335889079142 -3.54227510780584
916.706132212275 -3.53316352223052
920.076375345409 -3.52392464418007
923.446618478542 -3.51456005349709
926.816861611675 -3.50507131978446
930.187104744809 -3.49546000244723
933.557347877942 -3.48572765073417
936.927591011075 -3.4758758037798
940.297834144209 -3.4659059906462
943.668077277342 -3.45581973036557
947.038320410476 -3.44561853198233
950.408563543609 -3.43530389459553
953.778806676742 -3.42487730740176
957.149049809876 -3.4143402497375
960.519292943009 -3.40369419112222
963.889536076142 -3.39294059130123
967.259779209276 -3.38208090028873
970.630022342409 -3.3711165584109
974.000265475543 -3.36004899634928
977.370508608676 -3.34887963518388
980.740751741809 -3.33760988643674
984.110994874943 -3.32624115211543
987.481238008076 -3.31477482475633
990.851481141209 -3.3032122874685
994.221724274343 -3.29155491397727
997.591967407476 -3.2798040686678
1000.96221054061 -3.26796110662907
1004.33245367374 -3.2560273736975
1007.70269680688 -3.24400420650085
1011.07293994001 -3.23189293250211
1014.44318307314 -3.21969487004331
1017.81342620628 -3.2074113283895
1021.18366933941 -3.19504360777272
1024.55391247254 -3.18259299943586
1027.92415560568 -3.17006078567668
1031.29439873881 -3.15744823989173
1034.66464187194 -3.14475662662035
1038.03488500508 -3.13198720158861
1041.40512813821 -3.11914121175327
1044.77537127134 -3.10621989534567
1048.14561440448 -3.09322448191575
1051.51585753761 -3.08015619237586
1054.88610067074 -3.06701623904473
1058.25634380388 -3.05380582569119
1061.62658693701 -3.04052614757811
1064.99683007014 -3.02717839150615
1068.36707320328 -3.01376373585752
1071.73731633641 -3.00028335063963
1075.10755946954 -2.9867383975288
1078.47780260268 -2.97313002991392
1081.84804573581 -2.95945939293988
1085.21828886894 -2.9457276235512
1088.58853200208 -2.93193585053545
1091.95877513521 -2.91808519456658
1095.32901826834 -2.90417676824828
1098.69926140148 -2.89021167615728
1102.06950453461 -2.87619101488649
1105.43974766774 -2.86211587308804
1108.80999080088 -2.84798733151658
1112.18023393401 -2.83380646307182
1115.55047706714 -2.81957433284188
1118.92072020028 -2.80529199814568
1122.29096333341 -2.79096050857594
1125.66120646654 -2.77658090604161
1129.03144959968 -2.76215422481055
1132.40169273281 -2.74768149155182
1135.77193586594 -2.73316372537816
1139.14217899908 -2.71860193788813
1142.51242213221 -2.7039971332083
1145.88266526534 -2.68935030803537
1149.25290839848 -2.67466245167792
1152.62315153161 -2.65993454609837
1155.99339466474 -2.64516756595475
1159.36363779788 -2.63036247864215
1162.73388093101 -2.61552024433441
1166.10412406414 -2.6006418160254
1169.47436719728 -2.58572813957023
1172.84461033041 -2.57078015372657
1176.21485346354 -2.55579879019557
1179.58509659668 -2.54078497366277
1182.95533972981 -2.52573962183897
1186.32558286294 -2.51066364550083
1189.69582599608 -2.49555794853141
1193.06606912921 -2.48042342796073
1196.43631226234 -2.46526097400574
1199.80655539548 -2.45007147011076
1203.17679852861 -2.43485579298746
1206.54704166174 -2.41961481265462
1209.91728479488 -2.4043493924781
1213.28752792801 -2.38906038921019
1216.65777106114 -2.37374865302936
1220.02801419428 -2.35841502757941
1223.39825732741 -2.34306035000879
1226.76850046054 -2.32768545100966
1230.13874359368 -2.31229115485686
1233.50898672681 -2.2968782794464
1236.87922985995 -2.28144763633468
1240.24947299308 -2.26600003077641
1243.61971612621 -2.25053626176322
1246.98995925935 -2.23505712206203
1250.36020239248 -2.21956339825273
1253.73044552561 -2.20405587076637
1257.10068865875 -2.18853531392295
1260.47093179188 -2.17300249596884
1263.84117492501 -2.15745817911441
1267.21141805815 -2.14190311957116
1270.58166119128 -2.12633806758925
1273.95190432441 -2.11076376749413
1277.32214745755 -2.09518095772351
1280.69239059068 -2.07959037086415
1284.06263372381 -2.06399273368845
1287.43287685695 -2.04838876719074
1290.80311999008 -2.03277918662342
1294.17336312321 -2.01716470153337
1297.54360625635 -2.00154601579754
1300.91384938948 -1.98592382765906
1304.28409252261 -1.9702988297625
1307.65433565575 -1.95467170918967
1311.02457878888 -1.93904314749473
1314.39482192201 -1.92341382073936
1317.76506505515 -1.90778439952776
1321.13530818828 -1.89215554904158
1324.50555132141 -1.8765279290745
1327.87579445455 -1.8609021940667
1331.24603758768 -1.84527899313924
1334.61628072081 -1.82965897012842
1337.98652385395 -1.81404276361963
1341.35676698708 -1.7984310069812
1344.72701012021 -1.78282432839836
1348.09725325335 -1.76722335090648
1351.46749638648 -1.75162869242467
1354.83773951961 -1.73604096578904
1358.20798265275 -1.72046077878565
1361.57822578588 -1.70488873418348
1364.94846891901 -1.68932542976713
1368.31871205215 -1.67377145836959
1371.68895518528 -1.65822740790449
1375.05919831841 -1.64269386139846
1378.42944145155 -1.62717139702315
1381.79968458468 -1.61166058812736
1385.16992771781 -1.59616200326868
1388.54017085095 -1.58067620624513
1391.91041398408 -1.56520375612669
1395.28065711721 -1.54974520728663
1398.65090025035 -1.53430110943263
1402.02114338348 -1.51887200763768
1405.39138651661 -1.50345844237112
1408.76162964975 -1.48806094952906
1412.13187278288 -1.47268006046513
1415.50211591601 -1.45731630202062
1418.87235904915 -1.44197019655495
1422.24260218228 -1.42664226197529
1425.61284531541 -1.41133301176695
1428.98308844855 -1.39604295502264
1432.35333158168 -1.38077259647234
1435.72357471481 -1.3655224365125
1439.09381784795 -1.35029297123538
1442.46406098108 -1.33508469245825
1445.83430411421 -1.31989808775199
1449.20454724735 -1.30473364047032
1452.57479038048 -1.2895918297779
1455.94503351361 -1.27447313067932
1459.31527664675 -1.25937801404697
1462.68551977988 -1.24430694664942
1466.05576291301 -1.2292603911794
1469.42600604615 -1.21423880628156
1472.79624917928 -1.19924264658018
1476.16649231241 -1.18427236270678
1479.53673544555 -1.16932840132736
1482.90697857868 -1.15441120516972
1486.27722171181 -1.13952121305054
1489.64746484495 -1.12465885990233
1493.01770797808 -1.10982457679994
1496.38795111121 -1.09501879098755
1499.75819424435 -1.08024192590488
1503.12843737748 -1.06549440121358
1506.49868051061 -1.05077663282335
1509.86892364375 -1.03608903291814
1513.23916677688 -1.02143200998166
1516.60940991001 -1.00680596882344
1519.97965304315 -0.992211310604183
1523.34989617628 -0.977648432861294
1526.72013930941 -0.963117729534055
1530.09038244255 -0.948619590988898
1533.46062557568 -0.934154404044158
1536.83086870881 -0.919722551995044
1540.20111184195 -0.905324414638329
1543.57135497508 -0.890960368296909
1546.94159810821 -0.876630785844121
1550.31184124135 -0.862336036727974
1553.68208437448 -0.848076486995339
1557.05232750761 -0.833852499315789
1560.42257064075 -0.819664433005677
1563.79281377388 -0.80551264405149
1567.16305690701 -0.791397485133608
1570.53330004015 -0.777319305649542
1573.90354317328 -0.763278451737342
1577.27378630641 -0.749275266298653
1580.64402943955 -0.73531008902166
1584.01427257268 -0.721383256403826
1587.38451570581 -0.707495101774903
1590.75475883895 -0.693645955319198
1594.12500197208 -0.67983614409799
1597.49524510521 -0.66606599207207
1600.86548823835 -0.652335820123668
1604.23573137148 -0.638645946078519
1607.60597450462 -0.62499668472779
1610.97621763775 -0.611388347849825
1614.34646077088 -0.597821244231653
1617.71670390402 -0.584295679690591
1621.08694703715 -0.570811957095444
1624.45719017028 -0.557370376387915
1627.82743330342 -0.543971234603497
1631.19767643655 -0.530614825892577
1634.56791956968 -0.517301441541143
1637.93816270282 -0.504031369991516
1641.30840583595 -0.490804896862876
1644.67864896908 -0.477622304971803
1648.04889210222 -0.464483874352425
1651.41913523535 -0.451389882276679
1654.78937836848 -0.43834060327444
1658.15962150162 -0.425336309153309
1661.52986463475 -0.41237726901835
1664.90010776788 -0.399463749292039
1668.27035090102 -0.386596013733623
1671.64059403415 -0.37377432345837
1675.01083716728 -0.360998936957365
1678.38108030042 -0.34827011011614
1681.75132343355 -0.335588096234119
1685.12156656668 -0.322953146043304
1688.49180969982 -0.310365507727269
1691.86205283295 -0.297825426939795
1695.23229596608 -0.285333146823376
1698.60253909922 -0.272888908027653
1701.97278223235 -0.260492948727965
1705.34302536548 -0.248145504643375
1708.71326849862 -0.235846809054713
1712.08351163175 -0.223597092822715
1715.45375476488 -0.211396584405925
1718.82399789802 -0.199245509878224
1722.19424103115 -0.18714409294666
1725.56448416428 -0.17509255496882
1728.93472729742 -0.163091114970548
1732.30497043055 -0.151139989662667
1735.67521356368 -0.139239393458794
1739.04545669682 -0.127389538491975
1742.41569982995 -0.115590634631886
1745.78594296308 -0.103842889501465
1749.15618609622 -0.0921465084938902
1752.52642922935 -0.0805016947890067
1755.89667236248 -0.0689086493699875
1759.26691549562 -0.0573675710395136
1762.63715862875 -0.0458786564364075
1766.00740176188 -0.034442100051713
1769.37764489502 -0.0230580942444405
1772.74788802815 -0.0117268292580945
1776.11813116128 -0.000448493236191894
1779.48837429442 0.0107767277617796
1782.85861742755 0.0219486497449424
1786.22886056068 0.0330670907752548
1789.59910369382 0.044131870952036
1792.96934682695 0.055142812396717
1796.33958996008 0.0660997392376856
1799.70983309322 0.0770024775948244
1803.08007622635 0.087850855564696
1806.45031935948 0.0986447032055366
1809.82056249262 0.109383852522534
1813.19080562575 0.120068137452755
1816.56104875888 0.130697393850689
1819.93129189202 0.141271459473955
1823.30153502515 0.151790173968223
1826.67177815828 0.162253378853521
1830.04202129142 0.172660917509482
1833.41226442455 0.183012635161347
1836.78250755768 0.19330837886605
1840.15275069082 0.203547997498021
1843.52299382395 0.213731341735404
1846.89323695708 0.223858264046136
1850.26348009022 0.233928618674597
1853.63372322335 0.243942261627474
1857.00396635648 0.253899050660813
1860.37420948962 0.263798845266237
1863.74445262275 0.273641506657711
1867.11469575588 0.283426897758282
1870.48493888902 0.293154883187078
1873.85518202215 0.302825329246048
1877.22542515528 0.312438103907098
1880.59566828842 0.321993076799238
1883.96591142155 0.331490119195642
1887.33615455468 0.340929104001166
1890.70639768782 0.350309905739607
1894.07664082095 0.359632400541113
1897.44688395408 0.368896466129829
1900.81712708722 0.378101981811476
1904.18737022035 0.387248828461253
1907.55761335348 0.396336888511318
1910.92785648662 0.405366045939001
1914.29809961975 0.414336186254577
1917.66834275288 0.423247196489353
1921.03858588602 0.432098965183943
1924.40882901915 0.440891382376289
1927.77907215228 0.449624339590191
1931.14931528542 0.458297729823389
1934.51955841855 0.4669114475365
1937.88980155168 0.475465388640885
1941.26004468482 0.483959450487902
1944.63028781795 0.492393531857342
1948.00053095109 0.500767532946259
1951.37077408422 0.509081355357541
1954.74101721735 0.517334902089448
1958.11126035049 0.525528077524029
1961.48150348362 0.53366078741665
1964.85174661675 0.541732938884685
1968.22198974989 0.549744440397369
1971.59223288302 0.55769520176451
1974.96247601615 0.565585134126348
1978.33271914929 0.573414149942597
1981.70296228242 0.581182162982451
1985.07320541555 0.588889088313643
1988.44344854869 0.596534842292748
1991.81369168182 0.604119342554373
1995.18393481495 0.611642508001317
1998.55417794809 0.619104258794387
2001.92442108122 0.626504516342216
2005.29466421435 0.633843203291658
2008.66490734749 0.641120243517541
2012.03515048062 0.648335562112919
2015.40539361375 0.655489085379443
2018.77563674689 0.662580740817706
2022.14587988002 0.669610457117276
2025.51612301315 0.676578164147625
2028.88636614629 0.683483792948223
2032.25660927942 0.690327275719515
2035.62685241255 0.697108545813197
2038.99709554569 0.70382753772321
2042.36733867882 0.710484187076329
2045.73758181195 0.717078430623218
2049.10782494509 0.723610206228969
2052.47806807822 0.730079452864661
2055.84831121135 0.736486110597795
2059.21855434449 0.742830120583765
2062.58879747762 0.749111425056896
2065.95904061075 0.755329967321725
2069.32928374389 0.761485691744294
2072.69952687702 0.767578543743284
2076.06977001015 0.773608469781816
2079.44001314329 0.779575417358675
2082.81025627642 0.78547933499987
2086.18049940955 0.791320172250174
2089.55074254269 0.797097879664971
2092.92098567582 0.802812408801742
2096.29122880895 0.808463712212063
2099.66147194209 0.814051743433193
2103.03171507522 0.819576456980133
2106.40195820835 0.825037808337484
2109.77220134149 0.830435753951679
2113.14244447462 0.83577025122263
2116.51268760775 0.841041258496091
2119.88293074089 0.846248735056015
2123.25317387402 0.851392641116345
2126.62341700715 0.856472937813631
2129.99366014029 0.861489587199319
2133.36390327342 0.866442552231995
2136.73414640655 0.871331796769997
2140.10438953969 0.87615728556397
2143.47463267282 0.880918984249124
2146.84487580595 0.885616859338068
2150.21511893909 0.890250878213543
2153.58536207222 0.894821009120957
2156.95560520535 0.899327221161236
2160.32584833849 0.903769484283693
2163.69609147162 0.908147769278735
2167.06633460475 0.912462047771005
2170.43657773789 0.916712292212114
2173.80682087102 0.920898475873948
2177.17706400415 0.925020572841515
2180.54730713729 0.929078558006029
2183.91755027042 0.93307240705845
2187.28779340355 0.937002096482203
2190.65803653669 0.940867603546934
2194.02827966982 0.944668906301256
2197.39852280295 0.948405983566865
2200.76876593609 0.952078814931269
2204.13900906922 0.955687380741558
2207.50925220235 0.95923166209802
2210.87949533549 0.962711640847441
2214.24973846862 0.966127299576907
2217.61998160175 0.969478621607262
2220.99022473489 0.972765590986945
2224.36046786802 0.975988192485989
2227.73071100115 0.97914641158901
2231.10095413429 0.982240234489996
2234.47119726742 0.985269648085552
2237.84144040055 0.988234639969043
2241.21168353369 0.991135198424434
2244.58192666682 0.993971312420648
2247.95216979995 0.996742971604924
2251.32241293309 0.999450166297869
2254.69265606622 1.0020928874866
2258.06289919935 1.00467112681973
2261.43314233249 1.00718487660109
2264.80338546562 1.00963412978424
2268.17362859875 1.0120188799667
2271.54387173189 1.01433912138418
2274.91411486502 1.0165948489052
2278.28435799815 1.01878605802541
2281.65460113129 1.020912744862
2285.02484426442 1.02297490614829
2288.39508739756 1.02497253922823
2291.76533053069 1.02690564205106
2295.13557366382 1.02877421316579
2298.50581679696 1.03057825171611
2301.87605993009 1.03231775743503
2305.24630306322 1.03399273063923
2308.61654619636 1.03560317222452
2311.98678932949 1.03714908366007
2315.35703246262 1.03863046698368
2318.72727559576 1.04004732479642
2322.09751872889 1.04139966025778
2325.46776186202 1.04268747708026
2328.83800499516 1.04391077952496
2332.20824812829 1.04506957239618
2335.57849126142 1.04616386103646
2338.94873439456 1.04719365132209
2342.31897752769 1.04815894965799
2345.68922066082 1.04905976297281
2349.05946379396 1.04989609871458
2352.42970692709 1.05066796484536
2355.79995006022 1.05137536983704
2359.17019319336 1.05201832266652
2362.54043632649 1.05259683281089
2365.91067945962 1.05311091024308
2369.28092259276 1.05356056542713
2372.65116572589 1.05394580931373
2376.02140885902 1.05426665333576
2379.39165199216 1.05452310940371
2382.76189512529 1.05471518990123
2386.13213825842 1.05484290768091
2389.50238139156 1.05490627605974
2392.87262452469 1.05490530881472
2396.24286765782 1.05484002017887
2399.61311079096 1.05471042483647
2402.98335392409 1.05451653791928
2406.35359705722 1.05425837500217
2409.72384019036 1.05393595209867
2413.09408332349 1.05354928565719
2416.46432645662 1.05309839255676
2419.83456958976 1.05258329010298
2423.20481272289 1.05200399602384
2426.57505585602 1.05136052846569
2429.94529898916 1.05065290598952
2433.31554212229 1.0498811475667
2436.68578525542 1.04904527257504
2440.05602838856 1.04814530079509
2443.42627152169 1.0471812524061
2446.79651465482 1.04615314798216
2450.16675778796 1.04506100848845
2453.53700092109 1.04390485527739
2456.90724405422 1.0426847100849
2460.27748718736 1.04140059502669
2463.64773032049 1.04005253259436
2467.01797345362 1.03864054565204
2470.38821658676 1.03716465743236
2473.75845971989 1.0356248915332
2477.12870285302 1.0340212719138
2480.49894598616 1.03235382289117
2483.86918911929 1.03062256913678
2487.23943225242 1.02882753567295
2490.60967538556 1.02696874786919
2493.97991851869 1.02504623143874
2497.35016165182 1.02306001243548
2500.72040478496 1.02101011725001
2504.09064791809 1.01889657260667
2507.46089105122 1.01671940555996
2510.83113418436 1.01447864349102
2514.20137731749 1.01217431410472
2517.57162045062 1.00980644542627
2520.94186358376 1.0073750657975
2524.31210671689 1.00488020387422
2527.68234985002 1.00232188862268
2531.05259298316 0.999700149316286
2534.42283611629 0.997015015532817
2537.79307924942 0.994266517150729
2541.16332238256 0.991454684346531
2544.53356551569 0.98857954759128
2547.90380864882 0.985641137647937
2551.27405178196 0.982639485567818
2554.64429491509 0.97957462268786
2558.01453804822 0.976446580627636
2561.38478118136 0.973255391286145
2564.75502431449 0.970001086839181
2568.12526744762 0.966683699735846
2571.49551058076 0.963303262696334
2574.86575371389 0.95985980870838
2578.23599684702 0.956353371024782
2581.60623998016 0.952783983160348
2584.97648311329 0.949151678889185
2588.34672624642 0.945456492241883
2591.71696937956 0.941698457502529
2595.08721251269 0.937877609206188
2598.45745564582 0.933993982135901
2601.82769877896 0.930047611320175
2605.19794191209 0.926038532030182
2608.56818504522 0.921966779777167
2611.93842817836 0.917832390309277
2615.30867131149 0.91363539960988
2618.67891444462 0.909375843893942
2622.04915757776 0.905053759605893
2625.41940071089 0.900669183417115
2628.78964384402 0.896222152223205
2632.15988697716 0.891712703141387
2635.53013011029 0.887140873508073
2638.90037324342 0.882506700876283
2642.27061637656 0.877810223013215
2645.64085950969 0.873051477897778
2649.01110264282 0.868230503717973
2652.38134577596 0.863347338868694
2655.75158890909 0.858402021949214
2659.12183204222 0.853394591760578
2662.49207517536 0.848325087303545
2665.86231830849 0.843193547775986
2669.23256144162 0.838000012570781
2672.60280457476 0.832744521273089
2675.97304770789 0.827427113658336
2679.34329084103 0.822047829690092
2682.71353397416 0.816606709517242
2686.08377710729 0.811103793472224
2689.45402024043 0.80553912206849
2692.82426337356 0.799912735998516
2696.19450650669 0.794224676131293
2699.56474963983 0.788474983510454
2702.93499277296 0.782663699351843
2706.30523590609 0.776790865041557
2709.67547903923 0.770856522133672
2713.04572217236 0.764860712348069
2716.41596530549 0.75880347756841
2719.78620843863 0.75268485984013
2723.15645157176 0.746504901368155
2726.52669470489 0.74026364451502
2729.89693783803 0.733961131798676
2733.26718097116 0.727597405890526
2736.63742410429 0.721172509613426
2740.00766723743 0.714686485939687
2743.37791037056 0.708139377989031
2746.74815350369 0.70153122902663
2750.11839663683 0.694862082461039
2753.48863976996 0.688131981842767
2756.85888290309 0.681340970861566
2760.22912603623 0.6744890933451
2763.59936916936 0.667576393256901
2766.96961230249 0.660602914694227
2770.33985543563 0.653568701886774
2773.71009856876 0.646473799194091
2777.08034170189 0.639318251104426
2780.45058483503 0.63210210223235
2783.82082796816 0.624825397317188
2787.19107110129 0.617488181221468
2790.56131423443 0.610090498928605
2793.93155736756 0.602632395541479
2797.30180050069 0.595113916280626
2800.67204363383 0.587535106482482
2804.04228676696 0.579896011597555
2807.41252990009 0.572196677188868
2810.78277303323 0.564437148930187
2814.15301616636 0.556617472604263
2817.52325929949 0.548737694101131
2820.89350243263 0.540797859416793
2824.26374556576 0.532798014650949
2827.63398869889 0.524738206006001
2831.00423183203 0.516618479784876
2834.37447496516 0.508438882389797
2837.74471809829 0.500199460320603
2841.11496123143 0.491900260172859
2844.48520436456 0.483541328636793
2847.85544749769 0.475122712495265
2851.22569063083 0.466644458622435
2854.59593376396 0.458106613982261
2857.96617689709 0.449509225626718
2861.33642003023 0.440852340694647
2864.70666316336 0.432136006410003
2868.07690629649 0.42336027008032
2871.44714942963 0.414525179095444
2874.81739256276 0.405630780925845
2878.18763569589 0.396677123121206
2881.55787882903 0.387664253309136
2884.92812196216 0.378592219193472
2888.29836509529 0.369461068553123
2891.66860822843 0.360270849240401
2895.03885136156 0.351021609179844
2898.40909449469 0.341713396366588
2901.77933762783 0.332346258865099
2905.14958076096 0.322920244807918
2908.51982389409 0.313435402394106
2911.89006702723 0.303891779888006
2915.26031016036 0.294289425617759
2918.63055329349 0.284628387974148
2922.00079642663 0.274908715409345
2925.37103955976 0.265130456435214
2928.74128269289 0.255293659622397
2932.11152582603 0.245398373598807
2935.48176895916 0.23544464704861
2938.85201209229 0.225432528710379
2942.22225522543 0.21536206737668
2945.59249835856 0.205233311892103
2948.96274149169 0.195046311152219
2952.33298462483 0.184801114102699
2955.70322775796 0.174497769737404
2959.07347089109 0.164136327097906
2962.44371402423 0.15371683527185
2965.81395715736 0.143239343391736
2969.18420029049 0.132703900634001
2972.55444342363 0.122110556217605
2975.92468655676 0.11145935940311
2979.29492968989 0.100750359491125
2982.66517282303 0.089983605821609
2986.03541595616 0.0791591477724936
2989.40565908929 0.0682770347584141
2992.77590222243 0.0573373162300523
2996.14614535556 0.046340041672547
2999.5163884887 0.035285260604498
3002.88663162183 0.0241730225770596
3006.25687475496 0.0130033771728559
3009.6271178881 0.00177637400455488
3012.99736102123 -0.0095079372858784
3016.36760415436 -0.0208495070283066
3019.7378472875 -0.0322482855255064
3023.10809042063 -0.0437042230542364
3026.47833355376 -0.0552172698662359
3029.8485766869 -0.0667873761892084
3033.21881982003 -0.078414492228136
3036.58906295316 -0.0900985681657298
3039.9593060863 -0.101839554163941
3043.32954921943 -0.11363740036473
3046.69979235256 -0.125492056891201
3050.0700354857 -0.137403473848313
3053.44027861883 -0.149371601324227
3056.81052175196 -0.161396389390854
3060.1807648851 -0.173477788105237
3063.55100801823 -0.185615747510134
3066.92125115136 -0.197810217635161
3070.2914942845 -0.210061148497903
3073.66173741763 -0.222368490104257
3077.03198055076 -0.234732192449977
3080.4022236839 -0.247152205521314
3083.77246681703 -0.259628479295937
3087.14270995016 -0.272160963743778
3090.5129530833 -0.284749608828022
3093.88319621643 -0.297394364506027
3097.25343934956 -0.310095180730114
3100.6236824827 -0.322852007448301
3103.99392561583 -0.33566479460562
3107.36416874896 -0.348533492144456
3110.7344118821 -0.361458050005608
3114.10465501523 -0.374438418129425
3117.47489814836 -0.387474546456062
3120.8451412815 -0.400566384926671
3124.21538441463 -0.413713883484462
3127.58562754776 -0.426916992074821
3130.9558706809 -0.440175660646861
3134.32611381403 -0.453489839153693
3137.69635694716 -0.466859477553554
3141.0666000803 -0.480284525810469
3144.43684321343 -0.49376493389498
3147.80708634656 -0.50730065178503
3151.1773294797 -0.520891629466662
3154.54757261283 -0.534537816934915
3157.91781574596 -0.548239164194489
3161.2880588791 -0.561995621260413
3164.65830201223 -0.575807138158916
3168.02854514536 -0.589673664928302
3171.3987882785 -0.603595151619158
3174.76903141163 -0.617571548295983
3178.13927454476 -0.631602805036857
3181.5095176779 -0.64568887193506
3184.87976081103 -0.659829699099287
3188.25000394416 -0.674025236654553
3191.6202470773 -0.688275434742712
3194.99049021043 -0.702580243523387
3198.36073334356 -0.716939613174496
3201.7309764767 -0.731353493892968
3205.10121960983 -0.745821835895599
3208.47146274296 -0.760344589419299
3211.8417058761 -0.774921704722445
3215.21194900923 -0.78955313208476
3218.58219214236 -0.804238821808529
3221.9524352755 -0.818978724219096
3225.32267840863 -0.833772789665388
3228.69292154176 -0.848620968520837
3232.0631646749 -0.863523211183774
3235.43340780803 -0.878479468077958
3238.80365094116 -0.893489689653715
3242.1738940743 -0.908553826387963
3245.54413720743 -0.923671828785283
3248.91438034056 -0.938843647378211
3252.2846234737 -0.954069232728082
3255.65486660683 -0.969348535425419
3259.02510973996 -0.984681506090879
3262.3953528731 -1.00006809537532
3265.76559600623 -1.01550825396093
3269.13583913936 -1.03100193256149
3272.5060822725 -1.04654908192293
3275.87632540563 -1.06214965282422
3279.24656853876 -1.0778035960776
3282.6168116719 -1.09351086252925
3285.98705480503 -1.10927140305988
3289.35729793816 -1.12508516858551
3292.7275410713 -1.14095211005742
3296.09778420443 -1.15687217846336
3299.46802733756 -1.17284532482771
3302.8382704707 -1.1888715002122
3306.20851360383 -1.20495065571624
3309.57875673696 -1.2210827424776
3312.9489998701 -1.23726771167306
3316.31924300323 -1.25350551451859
3319.68948613636 -1.26979610227017
3323.0597292695 -1.28613942622418
3326.42997240263 -1.30253543771796
3329.80021553576 -1.31898408813027
3333.1704586689 -1.33548532888163
3336.54070180203 -1.35203911143533
3339.91094493516 -1.36864538729724
3343.2811880683 -1.38530410801693
3346.65143120143 -1.40201522518766
3350.02167433456 -1.41877869044728
3353.3919174677 -1.43559445547834
3356.76216060083 -1.45246247200865
3360.13240373397 -1.46938269181204
3363.5026468671 -1.48635506670859
3366.87289000023 -1.50337954856488
