Period.day lnBF
1.1 -1.0597640580792
1.1 -1.05976405808205
1.11122324250452 0.692652649785223
1.12267786609144 -1.31754542910605
1.13437110059934 -2.49605662646315
1.1463104802462 -3.39109745603368
1.15850385981784 -2.94552296312219
1.17095943190081 -0.541220719503344
1.18368574523887 -1.66757835826294
1.19669172429981 -1.98441011490234
1.20608694794517 -3.21123440802399
1.20998669014641 -3.46797708800462
1.22358038271437 -2.37510406381499
1.23748298460896 -2.24125268381818
1.25170514654261 -1.90863713272609
1.26625801454697 -1.77771390702446
1.28115325910566 -2.47648667310733
1.29640310636755 -3.35425269448806
1.31202037161622 -2.5886497909378
1.3224052054579 -2.93815216994354
1.32801849518798 -1.81880439100079
1.34441158105024 -0.707182170032219
1.3612144382728 -2.79742298848485
1.3784426256484 -3.44192660497031
1.3961124997452 -2.94737204325331
1.41424126670305 -0.178474119900081
1.43284703811834 -0.930058585689374
1.4499415074523 -2.29317440018244
1.45194889139902 -2.10661582242134
1.47156693501255 -3.36982904427497
1.49172237909583 -3.32628717278614
1.51243761194851 -2.63632441597658
1.53373628298942 -1.50379311312489
1.55564339282253 -1.71908842539751
1.57818539113347 -2.88694827650091
1.58977775220196 -3.25314717142531
1.60139028322256 -3.47033358039147
1.62528774607663 -2.09623164657832
1.64990925499098 -1.88460554910397
1.6752882218777 -1.96393225934057
1.70146014653806 -2.63075224243838
1.7284627823394 -3.28650662985893
1.74310017914945 -2.44167536601067
1.75633631792236 -3.17267298645854
1.78512357677786 -2.42509032754266
1.81487023677807 -2.01585253882615
1.84562507202853 -1.85595881847629
1.87744021973464 -3.23655308795044
1.91037147515412 -3.46814549645768
1.91120943184822 -2.36349054371982
1.94447861814529 -2.85533062832597
1.97982577533177 -1.73906653853969
2.01648182249961 -0.95905357881621
2.05452083253939 -1.76358329322086
2.09402257506321 -3.49606191193048
2.09553159140167 -0.747901598459479
2.13507307478755 -2.65251256894803
2.17776523690746 -2.11785981620315
2.22219954903021 0.0459342323737384
2.26848487083072 -2.07357521487822
2.29763027399666 -2.1729077422665
2.31673932449072 -3.49208378071848
2.36709130125465 -2.91852046067582
2.41968060216052 -1.58982010090713
2.47465973428654 -1.68140029599731
2.5192198951555 -2.37757226459183
2.53219538782351 -2.32840279938412
2.5924701241029 -3.17179384535887
2.65568431058777 -3.38837709473312
2.72205834603336 -2.86853809774185
2.76218021322804 -1.83968852639883
2.79183522788451 -1.90227088682229
2.86528352493547 -1.75817006588117
2.94270083190072 -2.44764432705688
3.02441779957358 -3.14277979034629
3.02857227549704 -1.59975255427496
3.11080285565418 -3.11295685850988
3.20226775839787 -2.3451012965544
3.29927415968487 -1.1100782608094
3.32065590216871 -1.23112773823422
3.40234139824672 -2.69584699541312
3.51205580072938 -3.16825263300571
3.6290818422939 -3.20431561615679
3.64090885656616 -3.13174292275254
3.75417561544004 -0.497311604710568
3.88820118388407 -1.70860275952402
3.99204786414765 -1.96396391297185
4.03215056916638 -0.896199458615378
4.18716834762187 -2.49774327801051
4.3545821480526 -3.49055782937578
4.37705165865534 -2.5020601572172
4.53594077036019 -2.16622469081148
4.73306224346282 -1.29799515926654
4.79918625089633 -2.12611292798038
4.94809498343138 -2.23788601606101
5.18359641632134 -2.54418018425451
5.2620326345127 -2.08646923963718
5.44263517501646 -3.38706395156464
5.72892555027146 -3.08045370023748
5.76951716377027 -2.81240942327055
6.04700673166783 -2.98668640442601
6.32594486106269 -1.26839641923579
6.4024852695805 -1.72008561832023
6.80236839853259 -2.31906041095406
6.93603593668047 -1.81364862289345
7.25553059315462 -3.11070500415837
7.60496583064451 -3.4212725430615
7.77337992126688 -3.43369564696437
8.33840911628122 -1.16882699013978
8.3708316870954 -3.10407997022585
9.06776845465742 -1.75715418949127
9.14258763797617 -1.6049736492703
9.89242167135477 1.38736268355584
10.0243232914617 -3.16838392082119
10.8793491172143 -2.80115888691796
10.9910958943771 -2.11589090019433
12.0511066380199 -2.46976712102552
12.0867046249126 -3.4300488255642
13.2133476585556 -2.05196384144155
13.5954886448332 -3.10400295847782
14.4876783178598 -1.8770121765488
15.5346841423542 -0.451223680037871
15.88490884109 -2.71187502246391
17.4168920204886 -3.38639363529706
18.1191069226968 -1.95975975965625
19.096623763347 -0.658006258494006
20.9383533370839 -1.85220317761447
21.7350519126447 -2.38811650392978
22.9577042466555 -3.33640390390361
25.171806769706 -3.47038971125838
27.1540600182025 -3.40630803376638
27.5994432737639 -1.32335432711957
30.2612075482179 -2.76763501645239
33.1796795026959 -2.44385287238691
36.1726721938776 -3.47846020491762
36.3796167138231 -3.15529538456622
39.8881644452636 -2.38146950963041
43.7350859226572 -3.48143290805334
47.9530148168886 -2.3390157623698
52.5777320775187 -2.97573983427353
54.161050794014 -2.23244948049629
57.6484694647758 -3.25301692274512
63.2082423549834 -1.57032296109583
69.3042146426368 -3.40011384656492
75.9880988346134 -1.70976784024473
83.3165947305407 -2.17780837526464
91.3518704106749 -2.426800316168
100.162089611539 -3.20781949276994
107.738578127783 -1.70965757915777
109.821989963084 -3.0595025186095
120.413516992583 -1.16533922391459
132.026519273571 -1.85499350169932
144.759510616804 -3.42113621376068
158.720505768962 -2.52364391881836
174.027936708364 -2.03683575008605
190.811657310715 -3.4223378681151
209.21404490749 -2.13080926768699
229.391208081581 -2.81094387451454
251.514310945971 -2.65571575655579
275.771025139417 -0.653663899711149
302.367121856464 -3.40726547872421
331.528217417116 -2.70124863035313
363.50168718392 -2.49587229629032
398.55876406234 -3.00977579647932
436.996839386133 -3.42743454141972
479.141985706278 -1.76534268639433
525.35172288443 -1.85221362808836
576.018050955835 -2.04922675083508
631.57077548968 -2.74593725202555
692.481153656102 -3.01446087309395
759.265891929671 -3.27173869113216
832.491529342112 -2.77199063467486
912.779243467667 -1.28361501159409
1000.81011991056 -1.56329468214056
1097.33092999597 -1.87857983939173
1203.16046567698 -1.0806630772753
1319.19648539694 0.175212768617669
1446.42332982945 -0.0179856076985421
1585.92027210062 -1.55404006032259
1738.87067332928 -2.58547883270521
1906.57202115189 -3.20070640207278
2090.44693638976 -3.47575969126437
2292.05524122878 -3.42124199853821
2513.10719128667 -3.23157642381448
2755.47798381637 -3.06577417670277
3021.22366511927 -2.95654472762865
3312.59857211219 -2.89025108983789
3632.07445600575 -2.850597745409
3982.36145032143 -2.8266853920361
4366.43106112062 -2.81205475007184
4787.54137447268 -2.80296946448459
5249.26469499908 -2.79725434846109
5755.51784995251 -2.79362165391316
6310.59541590288 -2.79129508699752
6919.20614989371 -2.78979791862933
7586.51293411704 -2.78883258131764
8318.1765729598 -2.78821087443458
9120.40381395462 -2.787812287433
10000 -2.78755901121865
