Period.day lnBF
1.1 0.660876043601548
1.1 0.660876043604075
1.11122324250452 1.12035881054929
1.12267786609144 1.3360718634171
1.13437110059934 2.53621635748305
1.1463104802462 1.11372754933602
1.15850385981784 1.26046232670717
1.17095943190081 1.10038101588315
1.18368574523887 1.65739140865322
1.19669172429981 0.93356147367992
1.20608694794517 3.1232301609991
1.20998669014641 0.888441100451274
1.22358038271437 3.17204147428496
1.23748298460896 1.26416700298493
1.25170514654261 0.302293718251414
1.26625801454697 0.011377743891231
1.28115325910566 4.62526925856673
1.29640310636755 1.14641380580042
1.31202037161622 0.258445398211743
1.3224052054579 0.873149600064908
1.32801849518798 0.89051736820431
1.34441158105024 1.39583434266054
1.3612144382728 0.553043200295118
1.3784426256484 0.366090359108493
1.3961124997452 7.454537560727
1.41424126670305 3.92880741287141
1.43284703811834 1.6748616973644
1.4499415074523 0.142570117102268
1.45194889139902 0.220709023945173
1.47156693501255 1.53947945461336
1.49172237909583 0.485950264632978
1.51243761194851 0.712622675766294
1.53373628298942 0.848156434839597
1.55564339282253 0.794889761713729
1.57818539113347 0.0123843060464104
1.58977775220196 0.0341988617841257
1.60139028322256 0.359315314611972
1.62528774607663 1.37456775290835
1.64990925499098 0.60275826314927
1.6752882218777 1.94279611121057
1.70146014653806 2.18379312946416
1.7284627823394 0.301589750336337
1.74310017914945 1.41509692522444
1.75633631792236 0.735978539765289
1.78512357677786 1.01499531874585
1.81487023677807 4.33421660310278
1.84562507202853 0.086624439516379
1.87744021973464 0.000102781204201253
1.91037147515412 0.529033134973556
1.91120943184822 0.278982294087756
1.94447861814529 2.0777194310141
1.97982577533177 0.579353219455876
2.01648182249961 1.64409801265006
2.05452083253939 2.2867721773983
2.09402257506321 0.00750341606657158
2.09553159140167 0.0225619737942401
2.13507307478755 0.375417209666614
2.17776523690746 0.231956303297997
2.22219954903021 5.88686872645985
2.26848487083072 2.28563040375682
2.29763027399666 1.94052579413591
2.31673932449072 2.75743279719594
2.36709130125465 1.25661943496316
2.41968060216052 0.127199488638946
2.47465973428654 0.31882297943158
2.5192198951555 0.170265769743486
2.53219538782351 1.68825402040535
2.5924701241029 3.82099505301613
2.65568431058777 0.502817101384912
2.72205834603336 3.598846136165
2.76218021322804 1.85028364938301
2.79183522788451 0.561888348717598
2.86528352493547 1.9301674392868
2.94270083190072 0.452254330953918
3.02441779957358 1.67535284006576
3.02857227549704 1.84130926886863
3.11080285565418 3.98874089119716
3.20226775839787 0.185532005014652
3.29927415968487 0.0698743350728288
3.32065590216871 0.927491644746922
3.40234139824672 0.450725823698983
3.51205580072938 1.42495358287019
3.6290818422939 0.0275172856364251
3.64090885656616 0.525505228014136
3.75417561544004 2.29877351029101
3.88820118388407 0.566310613669119
3.99204786414765 0.0780483299190669
4.03215056916638 1.4483035558853
4.18716834762187 0.861392778607378
4.3545821480526 0.743813165895743
4.37705165865534 1.69249993332752
4.53594077036019 4.21233243382329
4.73306224346282 0.0267575605034798
4.79918625089633 0.716770378006455
4.94809498343138 3.60191773684028
5.18359641632134 0.306964454049584
5.2620326345127 0.350060022726117
5.44263517501646 1.82410075954753
5.72892555027146 0.600786384206109
5.76951716377027 0.534272077108384
6.04700673166783 3.7839189098744
6.32594486106269 2.59738353126205
6.4024852695805 0.589331506446084
6.80236839853259 2.59675022371855
6.93603593668047 2.02695019368374
7.25553059315462 1.75544033865875
7.60496583064451 0.751193261701274
7.77337992126688 1.13395786836651
8.33840911628122 1.23910076095215
8.3708316870954 3.52388892893454
9.06776845465742 1.61695412033733
9.14258763797617 0.0221160914179202
9.89129565981937 3.64064289516403
10.0243232914617 1.12688874064997
10.8793491172143 0.319499519644439
10.9910958943771 0.19765138317877
12.0511066380199 0.00436828364657422
12.0867046249126 0.0640897101829478
13.2133476585556 0.854690554783147
13.5954886448332 0.00136505899315145
14.4876783178598 0.24294039023896
15.5346841423542 1.51141369699381
15.88490884109 0.162879381011778
17.4168920204886 1.43430266612563
18.1191069226968 1.22163600383487
19.096623763347 0.0635800382479871
20.9383533370839 6.97092306432857
21.7350519126447 0.382225863071956
22.9577042466555 0.62283728950118
25.171806769706 1.29190275658704
27.1540600182025 3.27966280483869
27.5994432737639 1.40982462416704
30.2612075482179 1.1066531239378
33.1796795026959 0.351534224179005
36.1726721938776 0.36488666481683
36.3796167138231 1.46715311615738
39.8881644452636 0.771637969690781
43.7350859226572 0.715821805172886
47.9530148168886 0.244115313695976
52.5777320775187 1.81354651935844
54.161050794014 0.992041076430889
57.6484694647758 0.955678296095912
63.2082423549834 0.723382023662723
69.3042146426368 0.546726195903548
75.9880988346134 1.25431752898461
83.3165947305407 0.829437969300372
91.3518704106749 2.55397491883983
100.162089611539 0.846853196125349
107.738578127783 0.855942609945455
109.821989963084 1.48293772755046
120.413516992583 0.557045049165719
132.026519273571 0.62823664671504
144.759510616804 0.529503720031252
158.720505768962 0.318943392697749
174.027936708364 3.51146472262732
190.811657310715 1.19249441366591
209.21404490749 1.29683309328085
229.391208081581 1.01307667026995
251.514310945971 1.16754912073896
275.771025139417 2.74136751438555
302.367121856464 1.8171274463219
331.528217417116 2.30376736812134
363.50168718392 16.7034887469766
398.55876406234 0.119455376256483
436.996839386133 0.903786045200801
479.141985706278 1.72739194227027
525.35172288443 1.71910503500141
576.018050955835 1.46836965925395
631.57077548968 0.23256918467667
692.481153656102 0.51495263852985
759.265891929671 0.143266718031483
832.491529342112 0.495739834390811
912.779243467667 1.55015976935821
1000.81011991056 4.70838100554138
1097.33092999597 5.80511654432297
1203.16046567698 4.30946544940017
1319.19648539694 3.35265265072962
1446.42332982945 3.93029767692332
1585.92027210062 3.58293922039631
1738.87067332928 3.14423057886749
1906.57202115189 2.11173936598058
2090.44693638976 1.16135980873547
2292.05524122878 1.29155067571836
2513.10719128667 1.68631946667522
2755.47798381637 1.55309790823091
3021.22366511927 1.18394256017793
3312.59857211219 1.11221106302906
3632.07445600575 1.49623198290602
3982.36145032143 2.37812252072545
4366.43106112062 3.68587525891657
4787.54137447268 5.13990117787702
5249.26469499908 6.59613742237228
5755.51784995251 8.22282718895922
6310.59541590288 10.2819620977443
6919.20614989371 12.827937450145
7586.51293411704 15.5987094455748
8318.1765729598 18.1920508523261
9120.40381395462 20.3240899054192
10000 21.9199331295569
