Period.day lnBF
1.1 -5.24304371457891
1.1 -5.24304373378678
1.11122324250452 -3.66512783332174
1.12267786609144 -5.80771527247796
1.13437110059934 -5.63324335630475
1.1463104802462 -4.77429443588579
1.15850385981784 -2.54109162702306
1.17095943190081 -2.37692740974257
1.18368574523887 -5.25669607678542
1.19669172429981 -0.621186256247761
1.20608694794517 -4.84858259287657
1.20998669014641 -2.56355046482235
1.22358038271437 -4.46679842050269
1.23748298460896 -5.40042407615028
1.25170514654261 -5.50844354312951
1.26625801454697 -5.75009010201241
1.28115325910566 -5.56508435884731
1.29640310636755 -5.94465015286809
1.31202037161622 -5.45338817698119
1.3224052054579 -4.5184857176485
1.32801849518798 -4.53632071661577
1.34441158105024 -2.89341700348503
1.3612144382728 -6.02227037341273
1.3784426256484 -2.2351537144361
1.3961124997452 -4.13214064005385
1.41424126670305 -5.64563821989291
1.43284703811834 -5.79822935942352
1.4499415074523 -2.04048458761796
1.45194889139902 -5.22895526503682
1.47156693501255 -5.83950340292764
1.49172237909583 -5.92597994604181
1.51243761194851 -4.4927142270917
1.53373628298942 -4.18563176357045
1.55564339282253 -3.33968522458896
1.57818539113347 -3.65856917838641
1.58977775220196 -5.65428958257434
1.60139028322256 -5.80599087183366
1.62528774607663 -5.99153045497713
1.64990925499098 -4.49186167373214
1.6752882218777 -5.65217029480605
1.70146014653806 -3.67113227927982
1.7284627823394 -3.98926110595681
1.74310017914945 -2.29042910796164
1.75633631792236 -4.80334612974351
1.78512357677786 -5.65142943126576
1.81487023677807 -4.94191304898302
1.84562507202853 -4.9293867885488
1.87744021973464 -4.74109790809228
1.91037147515412 -4.87912091496724
1.91120943184822 -4.80619787424521
1.94447861814529 -5.93419614545174
1.97982577533177 -4.91329912110127
2.01648182249961 -5.27184641676555
2.05452083253939 -5.93910290935118
2.09402257506321 -4.9270920694404
2.09553159140167 -5.01450814525587
2.13507307478755 -4.89615761809201
2.17776523690746 -5.2620558768975
2.22219954903021 -5.05834215781349
2.26848487083072 -4.97753917966735
2.29763027399666 -5.33095751301645
2.31673932449072 -4.2440161214358
2.36709130125465 -4.8117170076417
2.41968060216052 -5.27203580612851
2.47465973428654 -5.38653646749486
2.5192198951555 -4.37631509325444
2.53219538782351 -5.21874593717022
2.5924701241029 -6.00083522408043
2.65568431058777 -5.71641473342452
2.72205834603336 -5.84026647912982
2.76218021322804 -5.2951663722049
2.79183522788451 -5.5986971100599
2.86528352493547 -5.92112809834088
2.94270083190072 -5.80853728295262
3.02441779957358 -4.54114197607908
3.02857227549704 -4.46466454786938
3.11080285565418 -5.19364291101513
3.20226775839787 -5.82235268672884
3.29927415968487 -3.67859951074649
3.32065590216871 -3.87104858343297
3.40234139824672 -5.34000819819139
3.51205580072938 -4.32365783802533
3.6290818422939 -5.53266631401626
3.64090885656616 -4.71726542154197
3.75417561544004 -5.84796193724853
3.88820118388407 -5.75334101212996
3.99204786414765 -5.22136859366407
4.03215056916638 -6.01806638335508
4.18716834762187 -5.79311812190517
4.3545821480526 -5.533128529526
4.37705165865534 -5.80133051797025
4.53594077036019 -5.59418527726037
4.73306224346282 -4.80428879797407
4.79918625089633 -5.1293154529283
4.94809498343138 -5.68028010804669
5.18359641632134 -4.88276472146949
5.2620326345127 -1.64518338512091
5.44263517501646 -4.11282815371639
5.72892555027146 -5.04778918738122
5.76951716377027 -4.28438734668445
6.04700673166783 -5.88809896646003
6.32594486106269 -4.98132980161886
6.4024852695805 -3.79214558616339
6.80236839853259 -4.99885654096314
6.93603593668047 -6.02539452303981
7.25553059315462 -3.61396543797765
7.60496583064451 -5.77769744024575
7.77337992126688 -4.65906671361689
8.33840911628122 -5.57729020911275
8.3708316870954 -4.84700034198394
9.06776845465742 -5.87481345008231
9.14258763797617 -5.86664575848324
9.89129565981937 -5.99930970769289
10.0243232914617 -5.63388700805383
10.8793491172143 -4.67839245847835
10.9910958943771 -4.5093640005203
12.0511066380199 -5.82217125358473
12.0867046249126 -5.79846079312308
13.2133476585556 -4.35854716391484
13.5954886448332 -5.02611594488769
14.4876783178598 -5.61210336306376
15.5346841423542 -5.83352021967004
15.88490884109 -5.4728990296363
17.4168920204886 -4.2118127953922
18.1191069226968 -5.44713939834151
19.096623763347 -3.46629956302186
20.9383533370839 -5.81368084684852
21.7350519126447 -5.75524952758632
22.9577042466555 -4.80657655449652
25.171806769706 -4.95148591345134
27.1540600182025 -5.31479290917128
27.5994432737639 -4.5012257014449
30.2612075482179 -5.57344279658957
33.1796795026959 -1.85079239508392
36.1726721938776 -5.09176556157322
36.3796167138231 -5.26059592379087
39.8881644452636 -4.50137094091303
43.7350859226572 -5.63517366750902
47.9530148168886 -5.62232984575731
52.5777320775187 -5.59942633586042
54.161050794014 -5.64557517609757
57.6484694647758 -3.4244565583734
63.2082423549834 -5.68170461899791
69.3042146426368 -4.42321143321885
75.9880988346134 -4.31663272433108
83.3165947305407 -5.89206299889587
91.3518704106749 -5.71469216644353
100.162089611539 -5.25342838755329
107.738578127783 -5.62882144644409
109.821989963084 -2.20518449528814
120.413516992583 -5.12984866861336
132.026519273571 -5.65656503009954
144.759510616804 -3.87107062815333
158.720505768962 -5.57171479553664
174.027936708364 -5.93552159281574
190.811657310715 -4.21666944374906
209.21404490749 -5.35625929227549
229.391208081581 -5.41919784923393
251.514310945971 -5.24677326544022
275.771025139417 -5.54154048437601
302.367121856464 -2.89878840590358
331.528217417116 -4.70582732964586
363.50168718392 -3.10520071648522
398.55876406234 -2.40024237887527
436.996839386133 0.078764191227783
479.141985706278 -3.13493079359629
525.35172288443 -1.44609943762888
576.018050955835 -3.38215702906476
631.57077548968 -3.18885584895187
692.481153656102 -3.43710455605515
759.265891929671 -2.86437109233183
832.491529342112 -3.224224825451
912.779243467667 -2.8423318460739
1000.81011991056 -2.73108303146783
1097.33092999597 -3.18812982002155
1203.16046567698 -3.46581329690017
1319.19648539694 -3.31297237044601
1446.42332982945 -3.04668420323312
1585.92027210062 -2.21647743211542
1738.87067332928 -0.358629895089685
1906.57202115189 2.8010443525015
2090.44693638976 4.96939166080904
2292.05524122878 5.57417849931102
2513.10719128667 5.17416694946483
2755.47798381637 4.6012192972962
3021.22366511927 4.25482194789189
3312.59857211219 4.01265499089441
3632.07445600575 3.83240146967133
3982.36145032143 3.69406820478479
4366.43106112062 3.58591698514333
4787.54137447268 3.50027785792901
5249.26469499908 3.43182222426551
5755.51784995251 3.37670136505778
6310.59541590288 3.33205955959361
6919.20614989371 3.29573491298104
7586.51293411704 3.26606479450191
8318.1765729598 3.24175403853589
9120.40381395462 3.22178324048863
10000 3.2053426046399
